
--------N0.1----------------------------------------

00 01 80 00 00 02 00 23 00 30 88 09 03 00
10 50 00 00 00 00 00 00 00 00 00 00 00 00
20 00 00 00 00 00 00 00 00 00 00 00 00 00 00 00 00

--------N0.2----------------------------------------

00 01 80 00 00 02 00 27 88 09 03 00
10 50 00 00 67 25 00 13 25 80 32 80 32
20 54 55 31 30 34 43 00 00 00 00 00 00 00

--------N0.3----------------------------------------

00 01 80 00 00 02 00 23 00 30 88 09 03 00
10 50 00 03 07 00 02 80 00 00 00 00
20 00 00 00 00 00 00 00 00 00 00 00 00 00 00 00 00

--------N0.4----------------------------------------

00 01 80 00 00 02 00 27 88 09 03 00
10 50 00 04 07 00 00

--------N0.5----------------------------------------

00 01 80 00 00 02 00 00 00 00 88 09 03 00
10 50 00 00 00 00 00 00 00 00 00 00 00 00
20 00 00 00 00 00 00 00 00 00 00 00 00 00 00 00 00

--------N0.6----------------------------------------

00 01 80 00 00 02 00 27 88 09 03 00
10 50 00 00 67 25 00 13 25 80 32 80 32
20 54 55 31 30 34 43 00 00 00 00 00 00 00

--------N0.7----------------------------------------

00 01 80 00 00 02 00 00 00 00 88 09 03 00
10 50 01 00 02 00 00 00 00 00 00 00
20 00 00 00 00 00 00 00 00 00 00 00 00 00 00 00 00

--------N0.8----------------------------------------

00 01 80 00 00 02 00 27 88 09 03 00
10 50 02 00 02 02 01 05

--------N0.9----------------------------------------

00 01 80 00 00 02 00 00 00 00 88 09 03 00
10 50 03 00 02 02 01 08 00 00 00 00
20 00 00 00 00 00 00 00 00 00 00 00 00 00 00 00 00

--------N0.10----------------------------------------

00 01 80 00 00 02 00 27 88 09 03 00
10 50 04 00 02 80

--------N0.11----------------------------------------

00 01 80 00 00 02 00 27 88 09 03 00
10 50 00 04 06 00 01 04 00 00 00 00 09 00
20 97 02 02 04 10 00 10 00 10 00 10 00 00 01 00

--------N0.12----------------------------------------

00 01 80 00 00 02 00 00 00 00 88 09 03 00
10 50 00 03 06 00 01 04 00 00 00 00 09 00
20 96 02 02 04 40 01 40 01 40 01 40 01 00 01 00

--------N0.13----------------------------------------

00 01 80 00 00 02 00 27 88 09 03 00
10 50 00 04 06 00 01 04 00 00 00 00 09 00
20 96 80

--------N0.14----------------------------------------

00 01 80 00 00 02 00 00 00 00 88 09 03 00
10 50 00 01 06 00 03 02 00 10 07 00 00
20 00 00 00 00 00 00 00 00 00 00 00 00 00 00 00 00

--------N0.15----------------------------------------

00 01 80 00 00 02 00 27 88 09 03 00
10 50 00 02 06 00 03 02 00 10 07 00
20 00 00 01 00 00 00 00 00 00 00 01 00 00 07 00

--------N0.16----------------------------------------

00 01 80 00 00 02 00 00 00 00 88 09 03 00
10 50 00 03 06 00 03 02 00 10 07 00 10
20 00 01 00 00 42 40 40 00 00 04 08 04 02 01

--------N0.17----------------------------------------

00 01 80 00 00 02 00 27 88 09 03 00
10 50 00 04 06 00 03 02 00 10 07 00 80

--------N0.18----------------------------------------

00 01 80 00 00 02 00 00 00 00 88 09 03 00
10 50 01 00 15 00 00 00 00 00 00 00
20 00 00 00 00 00 00 00 00 00 00 00 00 00 00 00 00

--------N0.19----------------------------------------

00 01 80 00 00 02 00 27 88 09 03 00
10 50 02 00 15 01 00

--------N0.20----------------------------------------

00 01 80 00 00 02 00 00 00 00 88 09 03 00
10 50 03 00 18 01 00 00 00 00 00 00
20 00 00 00 00 00 00 00 00 00 00 00 00 00 00 00 00

--------N0.21----------------------------------------

00 01 80 00 00 02 00 27 88 09 03 00
10 50 04 00 18 80

--------N0.22----------------------------------------

00 01 80 00 00 02 00 00 00 00 88 09 03 00
10 50 03 00 21 01 01 00 00 00 00 00
20 00 00 00 00 00 00 00 00 00 00 00 00 00 00 00 00

--------N0.23----------------------------------------

00 01 80 00 00 02 00 27 88 09 03 00
10 50 04 00 21 80

--------N0.24----------------------------------------

00 01 80 00 00 02 00 00 00 00 88 09 03 00
10 50 03 00 26 07 01 00 07 70 97
20 51 00 00 00 00 00 00 00 00 00 00 00 00 00 00 00

--------N0.25----------------------------------------

00 01 80 00 00 02 00 27 88 09 03 00
10 50 04 00 26 80

--------N0.26----------------------------------------

00 01 80 00 00 02 00 00 00 00 88 09 03 00
10 50 03 00 07 14 18 05 17 28
20 00 00 00 00 00 00 00 00 00 00 00 00 00 00 00

--------N0.27----------------------------------------

00 01 80 00 00 02 00 27 88 09 03 00
10 50 04 00 80

--------N0.28----------------------------------------

00 01 80 00 00 02 00 27 88 09 03 00
10 50 00 04 06 00 01 04 00 00 00 00 09 00
20 80

--------N0.29----------------------------------------

00 01 80 00 00 02 00 00 00 00 88 09 03 00
10 50 00 01 06 00 03 02 00 01 07 00 20 07
20 00 07 00 07 00 07 00 07 00 07 00

--------N0.30----------------------------------------

00 01 80 00 00 02 00 27 88 09 03 00
10 50 00 02 06 00 03 02 00 01 07 00 20 01
20 24 07 00 02 00 00 07 00 01 02 07 00 01

--------N0.31----------------------------------------

00 01 80 00 00 02 00 27 88 09 03 00
10 50 00 04 06 00 03 02 00 01 09 00 80
20 07 00 80 07 00 53 80

--------N0.32----------------------------------------

00 01 80 00 00 02 00 00 00 00 88 09 03 00
10 50 01 00 00 00 00 00 00 00 00
20 00 00 00 00 00 00 00 00 00 00 00 00 00 00 00 00
2B

--------N0.33----------------------------------------

00 01 80 00 00 02 00 27 88 09 03 00
10 50 02 00 00 00 00 00
20 00 00 00 00 00 00 00 00

--------N0.34----------------------------------------

00 01 80 00 00 02 00 00 00 00 88 09 03 00
10 50 00 01 06 00 03 02 00 02 07 00 20 07
20 00 07 00 07 00 07 00 07 00 07 00

--------N0.35----------------------------------------

00 01 80 00 00 02 00 27 88 09 03 00
10 50 00 02 06 00 03 02 00 02 07 00 20 01
20 24 07 00 02 00 00 07 00 01 02 07 00 01

--------N0.36----------------------------------------

00 01 80 00 00 02 00 00 00 00 88 09 03 00
10 50 01 00 00 00 00 00 00 00 00
20 00 00 00 00 00 00 00 00 00 00 00 00 00 00 00 00

--------N0.37----------------------------------------

00 01 80 00 00 02 00 27 88 09 03 00
10 50 02 00 06 00 00 00 00 00 01

--------N0.38----------------------------------------

00 01 80 00 00 02 00 27 88 09 03 00
10 50 00 04 06 00 03 02 00 02 09 00 80
20 07 00 80 07 00 53 80

--------N0.39----------------------------------------

00 01 80 00 00 02 00 00 00 00 88 09 03 00
10 50 00 01 06 00 03 02 00 03 07 00 20 07
20 00 07 00 07 00 07 00 07 00 07 00

--------N0.40----------------------------------------

00 01 80 00 00 02 00 27 88 09 03 00
10 50 00 02 06 00 03 02 00 03 07 00 20 01
20 24 07 00 02 00 00 07 00 01 02 07 00 01

--------N0.41----------------------------------------

00 01 80 00 00 02 00 27 88 09 03 00
10 50 00 04 06 00 03 02 00 03 09 00 80
20 07 00 80 07 00 53 80

--------N0.42----------------------------------------

00 01 80 00 00 02 00 00 00 00 88 09 03 00
10 50 00 01 06 00 03 02 00 04 07 00 20 07
20 00 07 00 07 00 07 00 07 00 07 00

--------N0.43----------------------------------------

00 01 80 00 00 02 00 27 88 09 03 00
10 50 00 02 06 00 03 02 00 04 07 00 20 01
20 24 07 00 02 00 00 07 00 01 02 07 00 01

--------N0.44----------------------------------------

00 01 80 00 00 02 00 27 88 09 03 00
10 50 00 04 06 00 03 02 00 04 09 00 80
20 07 00 80 07 00 53 80

--------N0.45----------------------------------------

00 01 80 00 00 02 00 00 00 00 88 09 03 00
10 50 00 01 06 00 82 02 00 00 07 00 13 07
20 00 07 00 07 00 10 07 00 11 06 00 83 02

--------N0.46----------------------------------------

00 01 80 00 00 02 00 27 88 09 03 00
10 50 00 02 06 00 82 02 00 00 07 00 13 08
20 00 00 00 00 00 00 00 00 07 00 01 00 07 00

--------N0.47----------------------------------------

00 01 80 00 00 02 00 00 00 00 88 09 03 00
10 50 00 01 06 00 82 02 00 00 07 00 13 07
20 00 07 00 07 00 10 07 00 11 06 00 83 02

--------N0.48----------------------------------------

00 01 80 00 00 02 00 27 88 09 03 00
10 50 00 02 06 00 82 02 00 00 07 00 13 08
20 00 00 00 00 00 00 00 00 07 00 01 00 07 00

--------N0.49----------------------------------------

00 01 80 00 00 02 00 27 88 09 03 00
10 50 00 04 06 00 82 02 00 00 07 00 13 80
20 07 00 80 07 00 80 07 00 10 80 07 00 11 80

--------N0.50----------------------------------------

00 01 80 00 00 02 00 00 00 00 88 09 03 00
10 50 00 01 06 00 03 02 00 01 07 00 07
20 00 00 00 00 00 00 00 00 00 00 00 00 00 00 00

--------N0.51----------------------------------------

00 01 80 00 00 02 00 27 88 09 03 00
10 50 00 02 06 00 03 02 00 01 07 00 06
20 00 00 00 00 00 01 07 00 02 00 00

--------N0.52----------------------------------------

00 01 80 00 00 02 00 00 00 00 88 09 03 00
10 50 00 03 06 00 03 02 00 01 07 00 06
20 00 00 03 03 00 01 07 00 09 00 01 00 01 00 01

--------N0.53----------------------------------------

00 01 80 00 00 02 00 27 88 09 03 00
10 50 00 04 06 00 03 02 00 01 07 00 80
20 07 00 80

--------N0.54----------------------------------------

00 01 80 00 00 02 00 00 00 00 88 09 03 00
10 50 00 01 06 00 03 02 00 02 07 00 07
20 00 00 00 00 00 00 00 00 00 00 00 00 00 00 00

--------N0.55----------------------------------------

00 01 80 00 00 02 00 27 88 09 03 00
10 50 00 02 06 00 03 02 00 02 07 00 06
20 00 00 00 00 00 01 07 00 02 00 00

--------N0.56----------------------------------------

00 01 80 00 00 02 00 00 00 00 88 09 03 00
10 50 00 03 06 00 03 02 00 02 07 00 06
20 00 00 03 03 00 01 07 00 09 00 01 00 01 00 01

--------N0.57----------------------------------------

00 01 80 00 00 02 00 27 88 09 03 00
10 50 00 04 06 00 03 02 00 02 07 00 80
20 07 00 80

--------N0.58----------------------------------------

00 01 80 00 00 02 00 00 00 00 88 09 03 00
10 50 01 00 00 00 00 00 00 00 00
20 00 00 00 00 00 00 00 00 00 00 00 00 00 00 00 00

--------N0.59----------------------------------------

00 01 80 00 00 02 00 27 88 09 03 00
10 50 02 00

--------N0.60----------------------------------------

00 01 80 00 00 02 00 00 00 00 88 09 03 00
10 50 00 01 06 00 03 02 00 03 07 00 07
20 00 00 00 00 00 00 00 00 00 00 00 00 00 00 00

--------N0.61----------------------------------------

00 01 80 00 00 02 00 27 88 09 03 00
10 50 00 02 06 00 03 02 00 03 07 00 06
20 00 00 00 00 00 01 07 00 02 00 00

--------N0.62----------------------------------------

00 01 80 00 00 02 00 00 00 00 88 09 03 00
10 50 01 00 16 00 00 00 00 00 00 00
20 00 00 00 00 00 00 00 00 00 00 00 00 00 00 00 00

--------N0.63----------------------------------------

00 01 80 00 00 02 00 27 88 09 03 00
10 50 02 00 16 01 02

--------N0.64----------------------------------------

00 01 80 00 00 02 00 00 00 00 88 09 03 00
10 50 00 03 06 00 03 02 00 03 07 00 06
20 00 00 03 03 00 01 07 00 09 00 01 00 01 00 01

--------N0.65----------------------------------------

00 01 80 00 00 02 00 27 88 09 03 00
10 50 00 04 06 00 03 02 00 03 07 00 80
20 07 00 80

--------N0.66----------------------------------------

00 01 80 00 00 02 00 00 00 00 88 09 03 00
10 50 00 01 06 00 03 02 00 04 07 00 07
20 00 00 00 00 00 00 00 00 00 00 00 00 00 00 00

--------N0.67----------------------------------------

00 01 80 00 00 02 00 27 88 09 03 00
10 50 00 02 06 00 03 02 00 04 07 00 06
20 00 00 00 00 00 01 07 00 02 00 00

--------N0.68----------------------------------------

00 01 80 00 00 02 00 00 00 00 88 09 03 00
10 50 00 03 06 00 03 02 00 04 07 00 06
20 00 00 03 03 00 01 07 00 09 00 01 00 01 00 01

--------N0.69----------------------------------------

00 01 80 00 00 02 00 27 88 09 03 00
10 50 00 04 06 00 03 02 00 04 07 00 80
20 07 00 80

--------N0.70----------------------------------------

00 01 80 00 00 02 00 00 00 00 88 09 03 00
10 50 00 01 06 00 03 02 00 00 07 00 07
20 00 00 00 00 00 00 00 00 00 00 00 00 00 00 00

--------N0.71----------------------------------------

00 01 80 00 00 02 00 27 88 09 03 00
10 50 00 02 06 00 03 02 00 00 07 00 06
20 00 00 00 00 00 01 07 00 02 00 00

--------N0.72----------------------------------------

00 01 80 00 00 02 00 00 00 00 88 09 03 00
10 50 00 03 06 00 03 02 00 00 07 00 06
20 00 00 03 03 00 01 07 00 09 00 01 00 01 00 01

--------N0.73----------------------------------------

00 01 80 00 00 02 00 27 88 09 03 00
10 50 00 04 06 00 03 02 00 00 07 00 80
20 07 00 80

--------N0.74----------------------------------------

00 01 80 00 00 02 00 00 00 00 88 09 03 00
10 50 00 03 06 00 03 02 00 01 07 00 01
20 01 00 00 00 00 00 00 00 00 00 00 00 00 00 00 00

--------N0.75----------------------------------------

00 01 80 00 00 02 00 27 88 09 03 00
10 50 00 04 06 00 03 02 00 01 07 00 80

--------N0.76----------------------------------------

00 01 80 00 00 02 00 00 00 00 88 09 03 00
10 50 00 03 06 00 03 02 00 02 07 00 01
20 01 00 00 00 00 00 00 00 00 00 00 00 00 00 00 00

--------N0.77----------------------------------------

00 01 80 00 00 02 00 27 88 09 03 00
10 50 00 04 06 00 03 02 00 02 07 00 80

--------N0.78----------------------------------------

00 01 80 00 00 02 00 00 00 00 88 09 03 00
10 50 00 03 06 00 03 02 00 03 07 00 01
20 01 00 00 00 00 00 00 00 00 00 00 00 00 00 00 00

--------N0.79----------------------------------------

00 01 80 00 00 02 00 27 88 09 03 00
10 50 00 04 06 00 03 02 00 03 07 00 80

--------N0.80----------------------------------------

00 01 80 00 00 02 00 00 00 00 88 09 03 00
10 50 00 03 06 00 03 02 00 04 07 00 01
20 01 00 00 00 00 00 00 00 00 00 00 00 00 00 00 00

--------N0.81----------------------------------------

00 01 80 00 00 02 00 27 88 09 03 00
10 50 00 04 06 00 03 02 00 04 07 00 80

--------N0.82----------------------------------------

00 01 80 00 00 02 00 00 00 00 88 09 03 00
10 50 01 00 25 00 00 00 00 00 00 00
20 00 00 00 00 00 00 00 00 00 00 00 00 00 00 00 00

--------N0.83----------------------------------------

00 01 80 00 00 02 00 27 88 09 03 00
10 50 02 00 25 01 01

--------N0.84----------------------------------------

00 01 80 00 00 02 00 00 00 00 88 09 03 00
10 50 01 00 24 01 00 00 00 00 00
20 00 00 00 00 00 00 00 00 00 00 00 00 00 00 00 00

--------N0.85----------------------------------------

00 01 80 00 00 02 00 27 88 09 03 00
10 50 02 00 24 07 01 03 00 00
20 00 24 07 02 03 00 00 00 24 07

--------N0.86----------------------------------------

00 01 80 00 00 02 00 00 00 00 88 09 03 00
10 50 03 00 24 04 00 03 00 00
20 00 00 00 00 00 00 00 00 00 00 00 00 00 00 00 00

--------N0.87----------------------------------------

00 01 80 00 00 02 00 27 88 09 03 00
10 50 04 00 24 80

--------N0.88----------------------------------------

00 01 80 00 00 02 00 00 00 00 88 09 03 00
10 50 03 00 24 04 01 00 00 00
20 00 00 00 00 00 00 00 00 00 00 00 00 00 00 00 00

--------N0.89----------------------------------------

00 01 80 00 00 02 00 27 88 09 03 00
10 50 04 00 24 80

--------N0.90----------------------------------------

00 01 80 00 00 02 00 00 00 00 88 09 03 00
10 50 03 00 24 04 02 00 00 00
20 00 00 00 00 00 00 00 00 00 00 00 00 00 00 00 00

--------N0.91----------------------------------------

00 01 80 00 00 02 00 27 88 09 03 00
10 50 04 00 24 80

--------N0.92----------------------------------------

00 01 80 00 00 02 00 00 00 00 88 09 03 00
10 50 03 00 01 02 02 00 00 00 00
20 00 00 00 00 00 00 00 00 00 00 00 00 00 00 00 00

--------N0.93----------------------------------------

00 01 80 00 00 02 00 27 88 09 03 00
10 50 04 00 80

--------N0.94----------------------------------------

00 01 80 00 00 02 00 27 88 09 03 00
10 50 02 03 01 00 00