--- N0.1 -------------------------------------------------

0180C2000002 002337B60DB5 8809
03 0050
FE 000DB6
03 06 00 01 04 00 00 00 00 09 00 87 80 00 00


--- N0.2 -------------------------------------------------

0180C2000002 00271CAFAF3B 8809
03 0050
FE 000DB6
04 06 00 01 04 00 00 00 00 09 00 87 80 02 02 2E
80 00 00 00 00 00 00 00 00 00 00 00 00 00 00 00
00 00 00 00 00 00 00


--- N0.3 -------------------------------------------------

0180C2000002 002337B60DB5 8809
03 0050
FE 000DB6
06 02 7F FF 00 01 00 00


--- N0.4 -------------------------------------------------

0180C2000002 002337B60DB5 8809
03 0050
FE 000DB6
00


--- N0.5 -------------------------------------------------

0180C2000002 00271CAFAF3B 8809
03 0050
FE 000DB6
00 67 25 00 13 25 80 32 80 32 4F 4E 54 2D 55 31
30 34 43 54 00 00 00 00 00 00 00 00 00 00 00 00
00 00 00 00 00 00 00 00 00 00 00 00 00 00 00 00
00 00 00 00 00 00 00 00 00 00 00 00 00 00 00 00
00 00 00 00 00 00 00 00 00 00 00 27 1C AF AF 3B
01 05 08 08 00 08 08 00 00 00 00 00 02 03 D8 04
00 00 80 32


--- N0.6 -------------------------------------------------

0180C2000002 002337B60DB5 8809
03 0050
FE 000DB6
06 02 7F FF 00 01 00 00


--- N0.7 -------------------------------------------------

0180C2000002 00271CAFAF3B 8809
03 0050
FE 000DB6
07 01 7F FF 00 01 00 00 00 00 00 00 00 00 00 00
00 00 00 00 00 00 00 00 00 00 00 00 00 00 00 00
00 00 00 00 00 00 00


--- N0.8 -------------------------------------------------

0180C2000002 002337B60DB5 8809
03 0050
FE 000DB6
03 07 00 D7 02 00 00 00 00


--- N0.9 -------------------------------------------------

0180C2000002 00271CAFAF3B 8809
03 0050
FE 000DB6
04 07 00 D7 80 00 00 00 00 00 00 00 00 00 00 00
00 00 00 00 00 00 00 00 00 00 00 00 00 00 00 00
00 00 00 00 00 00 00


--- N0.10 -------------------------------------------------

0180C2000002 002337B60DB5 8809
03 0050
FE 000DB6
03 07 00 E3 01 01 00 00


--- N0.11 -------------------------------------------------

0180C2000002 00271CAFAF3B 8809
03 0050
FE 000DB6
04 07 00 E3 80 00 00 00 00 00 00 00 00 00 00 00
00 00 00 00 00 00 00 00 00 00 00 00 00 00 00 00
00 00 00 00 00 00 00


--- N0.12 -------------------------------------------------

0180C2000002 002337B60DB5 8809
03 0050
FE 000DB6
06 03 7F FF 00 01 00 00


--- N0.13 -------------------------------------------------

0180C2000002 00271CAFAF3B 8809
03 0050
FE 000DB6
07 01 7F FF 00 01 00 00 00 00 00 00 00 00 00 00
00 00 00 00 00 00 00 00 00 00 00 00 00 00 00 00
00 00 00 00 00 00 00


--- N0.14 -------------------------------------------------

0180C2000002 002337B60DB5 8809
03 0050
FE 000DB6
03 07 00 A8 04 29 AC 00 00 00 00


--- N0.15 -------------------------------------------------

0180C2000002 00271CAFAF3B 8809
03 0050
FE 000DB6
04 07 00 A8 80 00 00 00 00 00 00 00 00 00 00 00
00 00 00 00 00 00 00 00 00 00 00 00 00 00 00 00
00 00 00 00 00 00 00


--- N0.16 -------------------------------------------------

0180C2000002 002337B60DB5 8809
03 0050
FE 000DB6
03 09 00 A6 02 03 0A 00 00


--- N0.17 -------------------------------------------------

0180C2000002 00271CAFAF3B 8809
03 0050
FE 000DB6
04 09 00 A6 80 00 00 00 00 00 00 00 00 00 00 00
00 00 00 00 00 00 00 00 00 00 00 00 00 00 00 00
00 00 00 00 00 00 00


--- N0.18 -------------------------------------------------

0180C2000002 002337B60DB5 8809
03 0050
FE 000DB6
03 06 00 01 04 00 00 00 00 09 00 97 80 00 00


--- N0.19 -------------------------------------------------

0180C2000002 00271CAFAF3B 8809
03 0050
FE 000DB6
04 06 00 01 04 00 00 00 00 09 00 97 0E 02 02 04
10 00 10 00 10 00 10 00 00 01 00 00 00 00 00 00
00 00 00 00 00 00 00


--- N0.20 -------------------------------------------------

0180C2000002 002337B60DB5 8809
03 0050
FE 000DB6
03 06 00 01 04 00 00 00 00 09 00 96 0E 02 02 04
40 01 40 01 40 01 40 01 00 01 00 00 00


--- N0.21 -------------------------------------------------

0180C2000002 00271CAFAF3B 8809
03 0050
FE 000DB6
04 06 00 01 04 00 00 00 00 09 00 96 80 00 00 00
00 00 00 00 00 00 00 00 00 00 00 00 00 00 00 00
00 00 00 00 00 00 00


--- N0.22 -------------------------------------------------

0180C2000002 002337B60DB5 8809
03 0050
FE AAAAAA
01 A7 00 02 00 00 00


--- N0.23 -------------------------------------------------

0180C2000002 00271CAFAF3B 8809
03 0050
FE AAAAAA
02 A7 00 02 02 01 05 00 00 00 00 00 00 00 00 00
00 00 00 00 00 00 00 00 00 00 00 00 00 00 00 00
00 00 00 00 00 00 00


--- N0.24 -------------------------------------------------

0180C2000002 002337B60DB5 8809
03 0050
FE AAAAAA
03 A7 00 02 02 01 08 00 00


--- N0.25 -------------------------------------------------

0180C2000002 00271CAFAF3B 8809
03 0050
FE AAAAAA
04 A7 00 02 80 00 00 00 00 00 00 00 00 00 00 00
00 00 00 00 00 00 00 00 00 00 00 00 00 00 00 00
00 00 00 00 00 00 00


--- N0.26 -------------------------------------------------

0180C2000002 002337B60DB5 8809
03 0050
FE 000DB6
01 06 00 03 02 10 00 07 00 B8 00 00


--- N0.27 -------------------------------------------------

0180C2000002 00271CAFAF3B 8809
03 0050
FE 000DB6
02 06 00 03 02 10 00 07 00 B8 0D 00 00 01 00 00
00 00 00 00 00 01 00 00 07 00 B8 A0 00 00 00 00
00 00 00 00 00 00 00


--- N0.28 -------------------------------------------------

0180C2000002 002337B60DB5 8809
03 0050
FE 000DB6
03 06 00 03 02 00 10 07 00 B8 10 1F 00 01 00 00
0F 42 40 40 00 00 04 08 04 02 01 00 00


--- N0.29 -------------------------------------------------

0180C2000002 00271CAFAF3B 8809
03 0050
FE 000DB6
04 06 00 03 02 00 10 07 00 B8 80 00 00 00 00 00
00 00 00 00 00 00 00 00 00 00 00 00 00 00 00 00
00 00 00 00 00 00 00


--- N0.30 -------------------------------------------------

0180C2000002 002337B60DB5 8809
03 0050
FE AAAAAA
01 A7 00 15 00 00 00


--- N0.31 -------------------------------------------------

0180C2000002 00271CAFAF3B 8809
03 0050
FE AAAAAA
02 A7 00 15 01 00 00 00 00 00 00 00 00 00 00 00
00 00 00 00 00 00 00 00 00 00 00 00 00 00 00 00
00 00 00 00 00 00 00


--- N0.32 -------------------------------------------------

0180C2000002 002337B60DB5 8809
03 0050
FE AAAAAA
03 A7 00 18 01 00 00 00


--- N0.33 -------------------------------------------------

0180C2000002 00271CAFAF3B 8809
03 0050
FE AAAAAA
04 A7 00 18 80 00 00 00 00 00 00 00 00 00 00 00
00 00 00 00 00 00 00 00 00 00 00 00 00 00 00 00
00 00 00 00 00 00 00


--- N0.34 -------------------------------------------------

0180C2000002 002337B60DB5 8809
03 0050
FE AAAAAA
03 A7 00 21 01 01 00 00


--- N0.35 -------------------------------------------------

0180C2000002 00271CAFAF3B 8809
03 0050
FE AAAAAA
04 A7 00 21 80 00 00 00 00 00 00 00 00 00 00 00
00 00 00 00 00 00 00 00 00 00 00 00 00 00 00 00
00 00 00 00 00 00 00


--- N0.36 -------------------------------------------------

0180C2000002 002337B60DB5 8809
03 0050
FE AAAAAA
03 A7 00 26 07 01 00 07 70 11 22 11 00 00


--- N0.37 -------------------------------------------------

0180C2000002 00271CAFAF3B 8809
03 0050
FE AAAAAA
04 A7 00 26 80 00 00 00 00 00 00 00 00 00 00 00
00 00 00 00 00 00 00 00 00 00 00 00 00 00 00 00
00 00 00 00 00 00 00


--- N0.38 -------------------------------------------------

0180C2000002 002337B60DB5 8809
03 0050
FE 000DB6
03 06 00 01 04 00 00 00 00 09 00 A3 80 00 00


--- N0.39 -------------------------------------------------

0180C2000002 00271CAFAF3B 8809
03 0050
FE 000DB6
04 06 00 01 04 00 00 00 00 09 00 A3 80 00 00 00
00 00 00 00 00 00 00 00 00 00 00 00 00 00 00 00
00 00 00 00 00 00 00


--- N0.40 -------------------------------------------------

0180C2000002 002337B60DB5 8809
03 0050
FE AAAAAA
03 A7 00 1C 07 14 46 09 06 00 19 35 00 00


--- N0.41 -------------------------------------------------

0180C2000002 00271CAFAF3B 8809
03 0050
FE AAAAAA
04 A7 00 1C 80 00 00 00 00 00 00 00 00 00 00 00
00 00 00 00 00 00 00 00 00 00 00 00 00 00 00 00
00 00 00 00 00 00 00


--- N0.42 -------------------------------------------------

0180C2000002 002337B60DB5 8809
03 0050
FE 000DB6
01 06 00 03 02 00 01 07 00 20 07 00 5D 07 00 5A
07 00 4F 07 00 A3 07 00 1A 07 00 47 07 00 B0 07
00 1D 07 7F F6 00 00


--- N0.43 -------------------------------------------------

0180C2000002 00271CAFAF3B 8809
03 0050
FE 000DB6
02 06 00 03 02 00 01 07 00 20 01 24 07 00 5D 02
00 00 07 00 5A 01 02 07 00 4F 01 02 07 00 A3 01
00 07 00 1A 01 01 07 00 47 01 01 07 00 B0 80 07
00 1D 80 07 7F F6 80


--- N0.44 -------------------------------------------------

0180C2000002 002337B60DB5 8809
03 0050
FE 000DB6
03 06 00 03 02 00 01 09 00 0C 01 02 07 00 A3 01
00 07 00 53 80 00 00


--- N0.45 -------------------------------------------------

0180C2000002 00271CAFAF3B 8809
03 0050
FE 000DB6
04 06 00 03 02 00 01 09 00 0C 80 07 00 A3 80 07
00 53 80 00 00 00 00 00 00 00 00 00 00 00 00 00
00 00 00 00 00 00 00


--- N0.46 -------------------------------------------------

0180C2000002 002337B60DB5 8809
03 0050
FE 000DB6
01 06 00 03 02 00 02 07 00 20 07 00 5D 07 00 5A
07 00 4F 07 00 A3 07 00 1A 07 00 47 07 00 B0 07
00 1D 07 7F F6 00 00


--- N0.47 -------------------------------------------------

0180C2000002 00271CAFAF3B 8809
03 0050
FE 000DB6
02 06 00 03 02 00 02 07 00 20 01 24 07 00 5D 02
00 00 07 00 5A 01 02 07 00 4F 01 02 07 00 A3 01
00 07 00 1A 01 01 07 00 47 01 01 07 00 B0 80 07
00 1D 80 07 7F F6 80


--- N0.48 -------------------------------------------------

0180C2000002 002337B60DB5 8809
03 0050
FE 000DB6
03 06 00 03 02 00 02 09 00 0C 01 02 07 00 A3 01
00 07 00 53 80 00 00


--- N0.49 -------------------------------------------------

0180C2000002 00271CAFAF3B 8809
03 0050
FE 000DB6
04 06 00 03 02 00 02 09 00 0C 80 07 00 A3 80 07
00 53 80 00 00 00 00 00 00 00 00 00 00 00 00 00
00 00 00 00 00 00 00


--- N0.50 -------------------------------------------------

0180C2000002 002337B60DB5 8809
03 0050
FE 000DB6
01 06 00 03 02 00 03 07 00 20 07 00 5D 07 00 5A
07 00 4F 07 00 A3 07 00 1A 07 00 47 07 00 B0 07
00 1D 07 7F F6 00 00


--- N0.51 -------------------------------------------------

0180C2000002 00271CAFAF3B 8809
03 0050
FE 000DB6
02 06 00 03 02 00 03 07 00 20 01 24 07 00 5D 02
00 00 07 00 5A 01 02 07 00 4F 01 02 07 00 A3 01
00 07 00 1A 01 01 07 00 47 01 01 07 00 B0 80 07
00 1D 80 07 7F F6 80


--- N0.52 -------------------------------------------------

0180C2000002 002337B60DB5 8809
03 0050
FE 000DB6
03 06 00 03 02 00 03 09 00 0C 01 02 07 00 A3 01
00 07 00 53 80 00 00


--- N0.53 -------------------------------------------------

0180C2000002 00271CAFAF3B 8809
03 0050
FE 000DB6
04 06 00 03 02 00 03 09 00 0C 80 07 00 A3 80 07
00 53 80 00 00 00 00 00 00 00 00 00 00 00 00 00
00 00 00 00 00 00 00


--- N0.54 -------------------------------------------------

0180C2000002 002337B60DB5 8809
03 0050
FE 000DB6
01 06 00 03 02 00 04 07 00 20 07 00 5D 07 00 5A
07 00 4F 07 00 A3 07 00 1A 07 00 47 07 00 B0 07
00 1D 07 7F F6 00 00


--- N0.55 -------------------------------------------------

0180C2000002 00271CAFAF3B 8809
03 0050
FE 000DB6
02 06 00 03 02 00 04 07 00 20 01 24 07 00 5D 02
00 00 07 00 5A 01 02 07 00 4F 01 02 07 00 A3 01
00 07 00 1A 01 01 07 00 47 01 01 07 00 B0 80 07
00 1D 80 07 7F F6 80


--- N0.56 -------------------------------------------------

0180C2000002 002337B60DB5 8809
03 0050
FE 000DB6
03 06 00 03 02 00 04 09 00 0C 01 02 07 00 A3 01
00 07 00 53 80 00 00


--- N0.57 -------------------------------------------------

0180C2000002 00271CAFAF3B 8809
03 0050
FE 000DB6
04 06 00 03 02 00 04 09 00 0C 80 07 00 A3 80 07
00 53 80 00 00 00 00 00 00 00 00 00 00 00 00 00
00 00 00 00 00 00 00


--- N0.58 -------------------------------------------------

0180C2000002 002337B60DB5 8809
03 0050
FE AAAAAA
01 A7 00 2B 00 00 00


--- N0.59 -------------------------------------------------

0180C2000002 00271CAFAF3B 8809
03 0050
FE AAAAAA
02 A7 00 2B 0E FF FF 00 00 00 00 00 00 00 00 00
00 00 00 00 00 00 00 00 00 00 00 00 00 00 00 00
00 00 00 00 00 00 00


--- N0.60 -------------------------------------------------

0180C2000002 002337B60DB5 8809
03 0050
FE AAAAAA
01 A7 00 2C 00 00 00


--- N0.61 -------------------------------------------------

0180C2000002 00271CAFAF3B 8809
03 0050
FE AAAAAA
02 A7 00 2C 06 00 00 00 00 00 00 00 00 00 00 00
00 00 00 00 00 00 00 00 00 00 00 00 00 00 00 00
00 00 00 00 00 00 00


--- N0.62 -------------------------------------------------

0180C2000002 002337B60DB5 8809
03 0050
FE 000DB6
01 06 00 82 02 00 00 07 00 13 07 00 C3 07 00 0F
07 00 10 07 00 11 06 00 83 02 FF FF 07 00 23 07
00 24 00 00


--- N0.63 -------------------------------------------------

0180C2000002 00271CAFAF3B 8809
03 0050
FE 000DB6
02 06 00 82 02 00 00 07 00 13 08 00 00 00 00 00
00 00 00 07 00 C3 01 03 07 00 0F 08 00 00 00 00
00 00 00 00 07 00 10 08 00 00 00 00 00 00 00 00
07 00 11 08 00 00 00 00 00 00 00 00 06 00 83 80
FF 07 FF 80


--- N0.64 -------------------------------------------------

0180C2000002 002337B60DB5 8809
03 0050
FE 000DB6
01 06 00 82 02 00 00 07 00 13 07 00 C3 07 00 0F
07 00 10 07 00 11 06 00 83 02 FF FF 07 00 23 07
00 24 00 00


--- N0.65 -------------------------------------------------

0180C2000002 00271CAFAF3B 8809
03 0050
FE 000DB6
02 06 00 82 02 00 00 07 00 13 08 00 00 00 00 00
00 00 00 07 00 C3 01 03 07 00 0F 08 00 00 00 00
00 00 00 00 07 00 10 08 00 00 00 00 00 00 00 00
07 00 11 08 00 00 00 00 00 00 00 00 06 00 83 80
FF 07 FF 80


--- N0.66 -------------------------------------------------

0180C2000002 002337B60DB5 8809
03 0050
FE 000DB6
03 06 00 82 02 00 00 07 00 13 02 80 00 07 00 C3
01 03 07 00 0F 02 EA 60 07 00 10 02 00 C8 07 00
11 02 05 DC 00 00


--- N0.67 -------------------------------------------------

0180C2000002 00271CAFAF3B 8809
03 0050
FE 000DB6
04 06 00 82 02 00 00 07 00 13 80 07 00 C3 80 07
00 0F 80 07 00 10 80 07 00 11 80 00 00 00 00 00
00 00 00 00 00 00 00


--- N0.68 -------------------------------------------------

0180C2000002 002337B60DB5 8809
03 0050
FE 000DB6
01 06 00 03 02 00 01 07 00 BC 07 00 BD 00 00


--- N0.69 -------------------------------------------------

0180C2000002 00271CAFAF3B 8809
03 0050
FE 000DB6
02 06 00 03 02 00 01 07 00 BC 06 00 00 00 00 00
01 07 00 BD 02 00 00 00 00 00 00 00 00 00 00 00
00 00 00 00 00 00 00


--- N0.70 -------------------------------------------------

0180C2000002 002337B60DB5 8809
03 0050
FE 000DB6
03 06 00 03 02 00 01 07 00 BC 06 00 00 03 03 00
01 07 00 BD 09 00 01 00 01 00 01 00 02 00 00 00


--- N0.71 -------------------------------------------------

0180C2000002 00271CAFAF3B 8809
03 0050
FE 000DB6
04 06 00 03 02 00 01 07 00 BC 80 07 00 BD 80 00
00 00 00 00 00 00 00 00 00 00 00 00 00 00 00 00
00 00 00 00 00 00 00


--- N0.72 -------------------------------------------------

0180C2000002 002337B60DB5 8809
03 0050
FE 000DB6
01 06 00 03 02 00 02 07 00 BC 07 00 BD 00 00


--- N0.73 -------------------------------------------------

0180C2000002 00271CAFAF3B 8809
03 0050
FE 000DB6
02 06 00 03 02 00 02 07 00 BC 06 00 00 00 00 00
01 07 00 BD 02 00 00 00 00 00 00 00 00 00 00 00
00 00 00 00 00 00 00


--- N0.74 -------------------------------------------------

0180C2000002 002337B60DB5 8809
03 0050
FE 000DB6
03 06 00 03 02 00 02 07 00 BC 06 00 00 03 03 00
01 07 00 BD 09 00 01 00 01 00 01 00 02 00 00 00


--- N0.75 -------------------------------------------------

0180C2000002 00271CAFAF3B 8809
03 0050
FE 000DB6
04 06 00 03 02 00 02 07 00 BC 80 07 00 BD 80 00
00 00 00 00 00 00 00 00 00 00 00 00 00 00 00 00
00 00 00 00 00 00 00


--- N0.76 -------------------------------------------------

0180C2000002 002337B60DB5 8809
03 0050
FE 000DB6
01 06 00 03 02 00 03 07 00 BC 07 00 BD 00 00


--- N0.77 -------------------------------------------------

0180C2000002 00271CAFAF3B 8809
03 0050
FE 000DB6
02 06 00 03 02 00 03 07 00 BC 06 00 00 00 00 00
01 07 00 BD 02 00 00 00 00 00 00 00 00 00 00 00
00 00 00 00 00 00 00


--- N0.78 -------------------------------------------------

0180C2000002 002337B60DB5 8809
03 0050
FE 000DB6
03 06 00 03 02 00 03 07 00 BC 06 00 00 03 03 00
01 07 00 BD 09 00 01 00 01 00 01 00 02 00 00 00


--- N0.79 -------------------------------------------------

0180C2000002 00271CAFAF3B 8809
03 0050
FE 000DB6
04 06 00 03 02 00 03 07 00 BC 80 07 00 BD 80 00
00 00 00 00 00 00 00 00 00 00 00 00 00 00 00 00
00 00 00 00 00 00 00


--- N0.80 -------------------------------------------------

0180C2000002 002337B60DB5 8809
03 0050
FE 000DB6
01 06 00 03 02 00 04 07 00 BC 07 00 BD 00 00


--- N0.81 -------------------------------------------------

0180C2000002 00271CAFAF3B 8809
03 0050
FE 000DB6
02 06 00 03 02 00 04 07 00 BC 06 00 00 00 00 00
01 07 00 BD 02 00 00 00 00 00 00 00 00 00 00 00
00 00 00 00 00 00 00


--- N0.82 -------------------------------------------------

0180C2000002 002337B60DB5 8809
03 0050
FE 000DB6
03 06 00 03 02 00 04 07 00 BC 06 00 00 03 03 00
01 07 00 BD 09 00 01 00 01 00 01 00 02 00 00 00


--- N0.83 -------------------------------------------------

0180C2000002 00271CAFAF3B 8809
03 0050
FE 000DB6
04 06 00 03 02 00 04 07 00 BC 80 07 00 BD 80 00
00 00 00 00 00 00 00 00 00 00 00 00 00 00 00 00
00 00 00 00 00 00 00


--- N0.84 -------------------------------------------------

0180C2000002 002337B60DB5 8809
03 0050
FE 000DB6
01 06 00 03 02 00 00 07 00 BC 07 00 BD 00 00


--- N0.85 -------------------------------------------------

0180C2000002 00271CAFAF3B 8809
03 0050
FE 000DB6
02 06 00 03 02 00 00 07 00 BC 06 00 00 00 00 00
01 07 00 BD 02 00 00 00 00 00 00 00 00 00 00 00
00 00 00 00 00 00 00


--- N0.86 -------------------------------------------------

0180C2000002 002337B60DB5 8809
03 0050
FE 000DB6
03 06 00 03 02 00 00 07 00 BC 06 00 00 03 03 00
01 07 00 BD 09 00 01 00 01 00 01 00 02 00 00 00


--- N0.87 -------------------------------------------------

0180C2000002 00271CAFAF3B 8809
03 0050
FE 000DB6
04 06 00 03 02 00 00 07 00 BC 80 07 00 BD 80 00
00 00 00 00 00 00 00 00 00 00 00 00 00 00 00 00
00 00 00 00 00 00 00


--- N0.88 -------------------------------------------------

0180C2000002 002337B60DB5 8809
03 0050
FE AAAAAA
01 A7 00 1B 00 00 00


--- N0.89 -------------------------------------------------

0180C2000002 00271CAFAF3B 8809
03 0050
FE AAAAAA
02 A7 00 1B 0A 25 87 7F 42 3F AC 4C 96 01 68 00
00 00 00 00 00 00 00 00 00 00 00 00 00 00 00 00
00 00 00 00 00 00 00


--- N0.90 -------------------------------------------------

0180C2000002 002337B60DB5 8809
03 0050
FE AAAAAA
01 A7 00 16 00 00 00


--- N0.91 -------------------------------------------------

0180C2000002 00271CAFAF3B 8809
03 0050
FE AAAAAA
02 A7 00 16 01 02 00 00 00 00 00 00 00 00 00 00
00 00 00 00 00 00 00 00 00 00 00 00 00 00 00 00
00 00 00 00 00 00 00


--- N0.92 -------------------------------------------------

0180C2000002 002337B60DB5 8809
03 0050
FE 000DB6
01 06 00 03 02 00 01 07 00 B8 00 00


--- N0.93 -------------------------------------------------

0180C2000002 00271CAFAF3B 8809
03 0050
FE 000DB6
02 06 00 03 02 00 01 07 00 B8 0D 00 00 01 00 00
00 00 00 00 00 01 00 00 07 00 B8 80 00 00 00 00
00 00 00 00 00 00 00


--- N0.94 -------------------------------------------------

0180C2000002 002337B60DB5 8809
03 0050
FE 000DB6
03 06 00 03 02 00 01 07 00 B8 10 1F 00 01 00 00
00 00 00 00 00 01 04 08 04 02 01 00 00


--- N0.95 -------------------------------------------------

0180C2000002 00271CAFAF3B 8809
03 0050
FE 000DB6
04 06 00 03 02 00 01 07 00 B8 80 00 00 00 00 00
00 00 00 00 00 00 00 00 00 00 00 00 00 00 00 00
00 00 00 00 00 00 00


--- N0.96 -------------------------------------------------

0180C2000002 002337B60DB5 8809
03 0050
FE 000DB6
01 06 00 03 02 00 02 07 00 B8 00 00


--- N0.97 -------------------------------------------------

0180C2000002 00271CAFAF3B 8809
03 0050
FE 000DB6
02 06 00 03 02 00 02 07 00 B8 0D 00 00 01 00 00
00 00 00 00 00 01 00 00 07 00 B8 80 00 00 00 00
00 00 00 00 00 00 00


--- N0.98 -------------------------------------------------

0180C2000002 002337B60DB5 8809
03 0050
FE 000DB6
03 06 00 03 02 00 02 07 00 B8 10 1F 00 01 00 00
00 00 00 00 00 01 04 08 04 02 01 00 00


--- N0.99 -------------------------------------------------

0180C2000002 00271CAFAF3B 8809
03 0050
FE 000DB6
04 06 00 03 02 00 02 07 00 B8 80 00 00 00 00 00
00 00 00 00 00 00 00 00 00 00 00 00 00 00 00 00
00 00 00 00 00 00 00


--- N0.100 -------------------------------------------------

0180C2000002 002337B60DB5 8809
03 0050
FE 000DB6
01 06 00 03 02 00 03 07 00 B8 00 00


--- N0.101 -------------------------------------------------

0180C2000002 00271CAFAF3B 8809
03 0050
FE 000DB6
02 06 00 03 02 00 03 07 00 B8 0D 00 00 01 00 00
00 00 00 00 00 01 00 00 07 00 B8 80 00 00 00 00
00 00 00 00 00 00 00


FE 000DB6


--- N0.102 -------------------------------------------------

--- N0.103 -------------------------------------------------

0180C2000002 002337B60DB5 8809
03 0050
FE 000DB6
01 06 00 03 02 00 01 07 00 BB 00 00


--- N0.104 -------------------------------------------------

0180C2000002 00271CAFAF3B 8809
03 0050
FE 000DB6
02 06 00 03 02 00 01 07 00 BB 15 00 00 01 00 08
00 00 01 00 02 01 03 01 04 02 05 02 06 03 07 03
00 00 00 00 00 00 00


--- N0.105 -------------------------------------------------

--- N0.106 -------------------------------------------------

--- N0.107 -------------------------------------------------

--- N0.108 -------------------------------------------------

0180C2000002 002337B60DB5 8809
03 0050
FE AAAAAA
03 A7 00 1A 01 02 00 00


--- N0.109 -------------------------------------------------

0180C2000002 00271CAFAF3B 8809
03 0050
FE AAAAAA
04 A7 00 1A 80 00 00 00 00 00 00 00 00 00 00 00


--- N0.110 -------------------------------------------------

0180C2000002 002337B60DB5 8809
03 0050
FE 000DB6
01 06 00 03 02 00 03 07 00 BA 00 00


--- N0.111 -------------------------------------------------

0180C2000002 00271CAFAF3B 8809
03 0050

--- N0.112 -------------------------------------------------

--- N0.113 -------------------------------------------------

0180C2000002 002337B60DB5 8809
03 0050
FE AAAAAA
01 A7 00 25 01 00 00 00


--- N0.114 -------------------------------------------------

0180C2000002 00271CAFAF3B 8809
03 0050
FE AAAAAA
02 A7 00 25 01 01 00 00 00 00 00 00 00 00 00 00
00 00 00 00 00 00 00 00 00 00 00 00 00 00 00 00
00 00 00 00 00 00 00


--- N0.115 -------------------------------------------------

0180C2000002 002337B60DB5 8809
03 0050
FE 000DB6
01 06 00 03 02 00 00 07 00 0E 07 00 05 07 00 84
07 00 15 07 00 16 07 00 87 07 00 88 07 00 89 07
00 8A 07 00 8B 07 00 8C 07 00 8D 07 00 86 07 00
06 07 00 F9 07 00 23 07 00 9E 07 00 9D 07 00 9F
07 00 9C 07 00 9B 07 00 E9 07 00 DF 00 00


--- N0.116 -------------------------------------------------

0180C2000002 00271CAFAF3B 8809
03 0050
FE 000DB6
02 06 00 03 02 00 00 07 00 0E 08 00 00 00 00 00
00 00 00 07 00 05 08 00 00 00 00 00 00 00 00 07
00 84 08 00 00 00 00 00 00 00 00 07 00 15 08 00
00 00 00 00 00 00 00 07 00 16 08 00 00 00 00 00
00 00 00 07 00 87 08 00 00 00 00 00 00 00 00 07
00 88 08 00 00 00 00 00 00 00 00 07 00 89 08 00
00 00 00 00 00 00 00 07 00 8A 08 00 00 00 00 00
00 00 00 07 00 8B 08 00 00 00 00 00 00 00 00 07
00 8C 08 00 00 00 00 00 00 00 00 07 00 8D 08 00
00 00 00 00 00 00 00 07 00 86 08 00 00 00 00 00
00 00 00 07 00 06 08 00 00 00 00 00 00 00 00 07
00 F9 A1 07 00 23 A1 07 00 9E 08 00 00 00 00 00
00 00 00 07 00 9D 08 00 00 00 00 00 00 00 00 07
00 9F 08 00 00 00 00 00 00 00 00 07 00 9C A1 07
00 9B A1 07 00 E9 80 07 00 DF 80


--- N0.117 -------------------------------------------------

0180C2000002 002337B60DB5 8809
03 0050
FE 000DB6
01 06 00 03 02 00 00 07 00 08 07 00 02 07 00 85
07 00 12 07 00 13 07 00 8E 07 00 8F 07 00 90 07
00 91 07 00 92 07 00 93 07 00 94 07 00 98 07 00
97 07 00 99 07 00 96 07 00 95 07 00 9A 07 00 DE
07 00 DC 07 00 DD 07 00 DB 00 00


--- N0.118 -------------------------------------------------

0180C2000002 00271CAFAF3B 8809
03 0050
FE 000DB6
02 06 00 03 02 00 00 07 00 08 08 00 00 00 00 00
00 00 00 07 00 02 08 00 00 00 00 00 00 00 00 07
00 85 08 00 00 00 00 00 00 00 00 07 00 12 08 00
00 00 00 00 00 00 00 07 00 13 08 00 00 00 00 00
00 00 00 07 00 8E 08 00 00 00 00 00 00 00 00 07
00 8F 08 00 00 00 00 00 00 00 00 07 00 90 08 00
00 00 00 00 00 00 00 07 00 91 08 00 00 00 00 00
00 00 00 07 00 92 08 00 00 00 00 00 00 00 00 07
00 93 08 00 00 00 00 00 00 00 00 07 00 94 08 00
00 00 00 00 00 00 00 07 00 98 08 00 00 00 00 00
00 00 00 07 00 97 08 00 00 00 00 00 00 00 00 07
00 99 A1 07 00 96 A1 07 00 95 A1 07 00 9A A1 07
00 DE 80 07 00 DC 80 07 00 DD 80 07 00 DB 80


--- N0.119 -------------------------------------------------

0180C2000002 002337B60DB5 8809
03 0050
FE 000DB6
01 06 00 03 02 00 00 07 00 0E 07 00 05 07 00 84
07 00 15 07 00 16 07 00 87 07 00 88 07 00 89 07
00 8A 07 00 8B 07 00 8C 07 00 8D 07 00 86 07 00
06 07 00 F9 07 00 23 07 00 9E 07 00 9D 07 00 9F
07 00 9C 07 00 9B 07 00 E9 07 00 DF 00 00


--- N0.120 -------------------------------------------------

0180C2000002 00271CAFAF3B 8809
03 0050
FE 000DB6
02 06 00 03 02 00 00 07 00 0E 08 00 00 00 00 00
00 00 00 07 00 05 08 00 00 00 00 00 00 00 00 07
00 84 08 00 00 00 00 00 00 00 00 07 00 15 08 00
00 00 00 00 00 00 00 07 00 16 08 00 00 00 00 00
00 00 00 07 00 87 08 00 00 00 00 00 00 00 00 07
00 88 08 00 00 00 00 00 00 00 00 07 00 89 08 00
00 00 00 00 00 00 00 07 00 8A 08 00 00 00 00 00
00 00 00 07 00 8B 08 00 00 00 00 00 00 00 00 07
00 8C 08 00 00 00 00 00 00 00 00 07 00 8D 08 00
00 00 00 00 00 00 00 07 00 86 08 00 00 00 00 00
00 00 00 07 00 06 08 00 00 00 00 00 00 00 00 07
00 F9 A1 07 00 23 A1 07 00 9E 08 00 00 00 00 00
00 00 00 07 00 9D 08 00 00 00 00 00 00 00 00 07
00 9F 08 00 00 00 00 00 00 00 00 07 00 9C A1 07
00 9B A1 07 00 E9 80 07 00 DF 80


--- N0.121 -------------------------------------------------

0180C2000002 002337B60DB5 8809
03 0050
FE 000DB6
01 06 00 03 02 00 00 07 00 08 07 00 02 07 00 85
07 00 12 07 00 13 07 00 8E 07 00 8F 07 00 90 07
00 91 07 00 92 07 00 93 07 00 94 07 00 98 07 00
97 07 00 99 07 00 96 07 00 95 07 00 9A 07 00 DE
07 00 DC 07 00 DD 07 00 DB 00 00


--- N0.122 -------------------------------------------------

0180C2000002 00271CAFAF3B 8809
03 0050
FE 000DB6
02 06 00 03 02 00 00 07 00 08 08 00 00 00 00 00
00 00 00 07 00 02 08 00 00 00 00 00 00 00 00 07
00 85 08 00 00 00 00 00 00 00 00 07 00 12 08 00
00 00 00 00 00 00 00 07 00 13 08 00 00 00 00 00
00 00 00 07 00 8E 08 00 00 00 00 00 00 00 00 07
00 8F 08 00 00 00 00 00 00 00 00 07 00 90 08 00
00 00 00 00 00 00 00 07 00 91 08 00 00 00 00 00
00 00 00 07 00 92 08 00 00 00 00 00 00 00 00 07
00 93 08 00 00 00 00 00 00 00 00 07 00 94 08 00
00 00 00 00 00 00 00 07 00 98 08 00 00 00 00 00
00 00 00 07 00 97 08 00 00 00 00 00 00 00 00 07
00 99 A1 07 00 96 A1 07 00 95 A1 07 00 9A A1 07
00 DE 80 07 00 DC 80 07 00 DD 80 07 00 DB 80


