01 80 C2 00 00 02 00 0D B6 23 00 00 88 09 03 0050 FE 00 0D B6 03 06 00 01 04 00 00 00 00 09 0087 80 00 00 00 00 00 00 00 00 00 00 00 00 00 0000 00 00 00 00 00 00 00 00 00 00 00 00 00 00 00FF FF FF FF 00 00 00 00 BC 01 80 B2 7F 00 00 00A2 00 00 00 00 00 00 00 70 26 C8 B1 00 00 00 0000 00 00 00 00 00 00 00 00 00 00 00 00 00 00 00FF FF FF FF FF FF FF FF 00 00 00 00 54 00 00 00D0 23 C8 B1 7F 00 00 00 00 00 00 00 00 00 00 0078 BA BD 00 00 00 00 00 D0 22 C8 B1 7F 00 00 00

01 80 C2 00 00 02 00 27 1C AF AE E4 88 09 03 0050 FE 00 0D B6 04 06 00 01 04 00 00 00 00 09 0087 80 00 00 00 00 00 00 00 00 00 00 00 00 00 0000 00 00 00 00 00 00 00 00 00 00 00 09 B9 DB C1

01 80 C2 00 00 02 00 0D B6 00 00 00 88 09 03 0050 FE 00 0D B6 00 00 00 00 00 00 00 00 00 00 0000 00 00 00 00 00 00 00 00 00 00 00 00 00 00 0000 00 00 00 00 00 00 00 00 00 00 00

01 80 C2 00 00 02 00 27 1C AF AE E4 88 09 03 0050 FE 00 0D B6 04 07 00 A8 00 00 00 00 00 00 0000 00 00 00 00 00 00 00 00 00 00 00 00 00 00 0000 00 00 00 00 00 00 00 00 00 00 00 5E 6B F2 1B

01 80 C2 00 00 02 00 27 1C AF AE E4 88 09 03 0050 FE 00 0D B6 00 67 25 00 13 25 80 32 80 32 4F4E 54 2D 55 31 30 34 43 54 00 00 00 00 00 00 0000 00 00 00 00 00 00 00 00 00 00 00 00 00 00 0000 00 00 00 00 00 00 00 00 00 00 00 00 00 00 0000 00 00 00 00 00 00 00 00 00 00 00 00 00 00 0027 1C AF AE E4 01 05 08 08 00 08 08 00 00 00 0000 02 03 D8 04 00 00 80 32 18 D7 8A 3D

01 80 C2 00 00 02 00 0D B6 23 00 00 88 09 03 0050 FE AA AA AA 01 A7 00 02 00 00 00 00 00 00 0000 00 00 00 00 00 00 00 00 00 00 00 00 00 00 0000 00 00 00 00 00 00 00 00 00 00 00

01 80 C2 00 00 02 00 27 1C AF AE E4 88 09 03 0050 FE AA AA AA 02 A7 00 02 02 01 05 00 00 00 0000 00 00 00 00 00 00 00 00 00 00 00 00 00 00 0000 00 00 00 00 00 00 00 00 00 00 00 92 60 C4 83

01 80 C2 00 00 02 00 0D B6 23 00 00 88 09 03 0050 FE AA AA AA 03 A7 00 02 02 01 08 00 00 00 0000 00 00 00 00 00 00 00 00 00 00 00 00 00 00 0000 00 00 00 00 00 00 00 00 00 00 00

01 80 C2 00 00 02 00 27 1C AF AE E4 88 09 03 0050 FE AA AA AA 04 A7 00 02 80 00 00 00 00 00 0000 00 00 00 00 00 00 00 00 00 00 00 00 00 00 0000 00 00 00 00 00 00 00 00 00 00 00 66 DC 35 60

01 80 C2 00 00 02 00 0D B6 23 00 00 88 09 03 0050 FE 00 0D B6 03 06 00 01 04 00 00 00 00 09 0097 80 00 00 00 00 00 00 00 00 00 00 00 00 00 0000 00 00 00 00 00 00 00 00 00 00 00 00 00 00 00FF FF FF FF 00 00 00 00 BC 01 80 B2 7F 00 00 00A2 00 00 00 00 00 00 00 80 04 67 A8 00 00 00 0000 00 00 00 00 00 00 00 00 00 00 00 00 00 00 00FF FF FF FF FF FF FF FF 00 00 00 00 54 00 00 00E0 01 67 A8 7F 00 00 00 00 00 00 00 00 00 00 0078 BA BD 00 00 00 00 00 E0 00 67 A8 7F 00 00 00

01 80 C2 00 00 02 00 27 1C AF AE E4 88 09 03 0050 FE 00 0D B6 04 06 00 01 04 00 00 00 00 09 0097 0E 02 02 04 10 00 10 00 10 00 10 00 00 01 0000 00 00 00 00 00 00 00 00 00 00 00 33 97 C9 05

01 80 C2 00 00 02 00 0D B6 23 00 00 88 09 03 0050 FE 00 0D B6 03 06 00 01 04 00 00 00 00 09 0096 0E 02 00 04 40 01 40 01 40 01 40 01 00 01 0000 00 00 00 00 00 00 00 00 00 00 00

01 80 C2 00 00 02 00 27 1C AF AE E4 88 09 03 0050 FE 00 0D B6 04 06 00 01 04 00 00 00 00 09 0096 80 00 00 00 00 00 00 00 00 00 00 00 00 00 0000 00 00 00 00 00 00 00 00 00 00 00 C4 95 31 DB

01 80 C2 00 00 02 00 0D B6 23 00 00 88 09 03 0050 FE 00 0D B6 01 06 00 03 02 00 01 07 00 82 0700 83 07 00 D0 07 00 D1 00 00 00 00 00 00 00 0000 00 00 00 00 00 00 00 00 00 00 00

01 80 C2 00 00 02 00 27 1C AF AE E4 88 09 03 0050 FE 00 0D B6 02 06 00 03 02 00 01 07 00 82 0200 40 07 00 83 02 7F BC 07 00 D0 01 01 07 00 D102 00 40 00 00 00 00 00 00 00 00 00 02 E9 66 C6

01 80 C2 00 00 02 00 0D B6 23 00 00 88 09 03 0050 FE 00 0D B6 03 06 00 03 02 00 01 07 00 82 0200 20 07 00 83 02 80 00 07 00 D0 01 00 07 00 D102 00 00 00 00 00 00 00 00 00 00 00

01 80 C2 00 00 02 00 27 1C AF AE E4 88 09 03 0050 FE 00 0D B6 04 06 00 03 02 00 01 07 00 82 8007 00 83 80 07 00 D0 80 07 00 D1 80 00 00 00 0000 00 00 00 00 00 00 00 00 00 00 00 0B 1D 9D 3A

01 80 C2 00 00 02 00 0D B6 23 00 00 88 09 03 0050 FE 00 0D B6 01 06 00 03 02 00 02 07 00 82 0700 83 07 00 D0 07 00 D1 00 00 00 00 00 00 00 0000 00 00 00 00 00 00 00 00 00 00 00

01 80 C2 00 00 02 00 27 1C AF AE E4 88 09 03 0050 FE 00 0D B6 02 06 00 03 02 00 02 07 00 82 0200 40 07 00 83 02 80 00 07 00 D0 01 00 07 00 D102 00 40 00 00 00 00 00 00 00 00 00 16 CC DC 92

01 80 C2 00 00 02 00 0D B6 23 00 00 88 09 03 0050 FE 00 0D B6 03 06 00 03 02 00 02 07 00 82 0200 20 07 00 83 02 80 00 07 00 D0 01 00 07 00 D102 00 00 00 00 00 00 00 00 00 00 00

01 80 C2 00 00 02 00 27 1C AF AE E4 88 09 03 0050 FE 00 0D B6 04 06 00 03 02 00 02 07 00 82 8007 00 83 80 07 00 D0 80 07 00 D1 80 00 00 00 0000 00 00 00 00 00 00 00 00 00 00 00 1E AC 8A 61

01 80 C2 00 00 02 00 0D B6 23 00 00 88 09 03 0050 FE 00 0D B6 01 06 00 03 02 00 10 07 00 B8 0000 00 00 00 00 00 00 00 00 00 00 00 00 00 00 0000 00 00 00 00 00 00 00 00 00 00 00

01 80 C2 00 00 02 00 27 1C AF AE E4 88 09 03 0050 FE 00 0D B6 02 06 00 03 02 00 10 07 00 B8 0D00 00 01 00 00 00 00 00 00 00 01 00 00 07 00 B880 00 00 00 00 00 00 00 00 00 00 00 2B 31 BF A9

01 80 C2 00 00 02 00 0D B6 23 00 00 88 09 03 0050 FE 00 0D B6 03 06 00 03 02 00 10 07 00 B8 101F 00 01 00 00 01 86 A0 40 00 00 04 08 04 02 0100 00 00 00 00 00 00 00 00 00 00 00

01 80 C2 00 00 02 00 27 1C AF AE E4 88 09 03 0050 FE 00 0D B6 04 06 00 03 02 00 10 07 00 B8 8000 00 00 00 00 00 00 00 00 00 00 00 00 00 00 0000 00 00 00 00 00 00 00 00 00 00 00 BC 66 B6 AC

01 80 C2 00 00 02 00 0D B6 23 00 00 88 09 03 0050 FE AA AA AA 01 A7 00 15 00 00 00 00 00 00 0000 00 00 00 00 00 00 00 00 00 00 00 00 00 00 0000 00 00 00 00 00 00 00 00 00 00 00

01 80 C2 00 00 02 00 27 1C AF AE E4 88 09 03 0050 FE AA AA AA 02 A7 00 15 01 00 00 00 00 00 0000 00 00 00 00 00 00 00 00 00 00 00 00 00 00 0000 00 00 00 00 00 00 00 00 00 00 00 B7 9D 5C 7C

01 80 C2 00 00 02 00 0D B6 23 00 00 88 09 03 0050 FE AA AA AA 03 A7 00 18 01 00 00 00 00 00 0000 00 00 00 00 00 00 00 00 00 00 00 00 00 00 0000 00 00 00 00 00 00 00 00 00 00 00

01 80 C2 00 00 02 00 27 1C AF AE E4 88 09 03 0050 FE AA AA AA 04 A7 00 18 80 00 00 00 00 00 0000 00 00 00 00 00 00 00 00 00 00 00 00 00 00 0000 00 00 00 00 00 00 00 00 00 00 00 7F A0 44 00

01 80 C2 00 00 02 00 0D B6 23 00 00 88 09 03 0050 FE AA AA AA 03 A7 00 21 01 01 00 00 00 00 0000 00 00 00 00 00 00 00 00 00 00 00 00 00 00 0000 00 00 00 00 00 00 00 00 00 00 00

01 80 C2 00 00 02 00 27 1C AF AE E4 88 09 03 0050 FE AA AA AA 04 A7 00 21 80 00 00 00 00 00 0000 00 00 00 00 00 00 00 00 00 00 00 00 00 00 0000 00 00 00 00 00 00 00 00 00 00 00 61 65 26 1D

01 80 C2 00 00 02 00 0D B6 23 00 00 88 09 03 0050 FE AA AA AA 03 A7 00 26 07 01 00 07 70 97 3E51 00 00 00 00 00 00 00 00 00 00 00 00 00 00 0000 00 00 00 00 00 00 00 00 00 00 00

01 80 C2 00 00 02 00 27 1C AF AE E4 88 09 03 0050 FE AA AA AA 04 A7 00 26 80 00 00 00 00 00 0000 00 00 00 00 00 00 00 00 00 00 00 00 00 00 0000 00 00 00 00 00 00 00 00 00 00 00 08 46 96 41

01 80 C2 00 00 02 00 0D B6 23 00 00 88 09 03 0050 FE AA AA AA 03 A7 00 1C 07 14 18 04 1D 0C 381B 00 00 00 00 00 00 00 00 00 00 00 00 00 00 0000 00 00 00 00 00 00 00 00 00 00 00

01 80 C2 00 00 02 00 27 1C AF AE E4 88 09 03 0050 FE AA AA AA 04 A7 00 1C 80 00 00 00 00 00 0000 00 00 00 00 00 00 00 00 00 00 00 00 00 00 0000 00 00 00 00 00 00 00 00 00 00 00 E8 F8 14 38

01 80 C2 00 00 02 00 0D B6 23 00 00 88 09 03 0050 FE 00 0D B6 03 06 00 01 04 00 00 00 00 09 00A2 80 00 00 00 00 00 00 00 00 00 00 00 00 00 0000 00 00 00 00 00 00 00 00 00 00 00 00 00 00 00FF FF FF FF 00 00 00 00 BC 01 80 B2 7F 00 00 00A2 00 00 00 00 00 00 00 C0 05 67 A8 00 00 00 0000 00 00 00 00 00 00 00 00 00 00 00 00 00 00 00FF FF FF FF FF FF FF FF 00 00 00 00 54 00 00 0020 03 67 A8 7F 00 00 00 00 00 00 00 00 00 00 0078 BA BD 00 00 00 00 00 20 02 67 A8 7F 00 00 00

01 80 C2 00 00 02 00 27 1C AF AE E4 88 09 03 0050 FE 00 0D B6 04 06 00 01 04 00 00 00 00 09 00A2 80 00 00 00 00 00 00 00 00 00 00 00 00 00 0000 00 00 00 00 00 00 00 00 00 00 00 C0 13 06 F0

01 80 C2 00 00 02 00 27 1C AF AE E4 88 09 03 0050 FE AA AA AA 02 A7 00 2B 0E FF FF 00 00 00 0000 00 00 00 00 00 00 00 00 00 00 00 00 00 00 0000 00 00 00 00 00 00 00 00 00 00 00 35 79 9A 0E

01 80 C2 00 00 02 00 27 1C AF AE E4 88 09 03 0050 FE AA AA AA 02 A7 00 2C 06 00 00 00 00 00 0000 00 00 00 00 00 00 00 00 00 00 00 00 00 00 0000 00 00 00 00 00 00 00 00 00 00 00 12 35 77 62

01 80 C2 00 00 02 00 27 1C AF AE E4 88 09 03 0050 FE 00 0D B6 02 06 00 03 02 00 01 07 00 20 0124 07 00 5D 02 00 00 07 00 5A 01 02 07 00 4F 0102 07 00 A3 01 00 07 00 1A 01 01 07 00 47 01 0107 00 B0 80 07 00 1D 80 07 7F F6 80 B5 6A C5 25

01 80 C2 00 00 02 00 27 1C AF AE E4 88 09 03 0050 FE 00 0D B6 04 06 00 03 02 00 01 09 00 0C 8007 00 A3 80 07 00 53 80 00 00 00 00 00 00 00 0000 00 00 00 00 00 00 00 00 00 00 00 9E CB EE 67

01 80 C2 00 00 02 00 27 1C AF AE E4 88 09 03 0050 FE 00 0D B6 02 06 00 03 02 00 02 07 00 20 0124 07 00 5D 02 00 00 07 00 5A 01 02 07 00 4F 0102 07 00 A3 01 00 07 00 1A 01 01 07 00 47 01 0107 00 B0 80 07 00 1D 80 07 7F F6 80 C1 1D 5C 6F

01 80 C2 00 00 02 00 27 1C AF AE E4 88 09 03 0050 FE 00 0D B6 04 06 00 03 02 00 02 09 00 0C 8007 00 A3 80 07 00 53 80 00 00 00 00 00 00 00 0000 00 00 00 00 00 00 00 00 00 00 00 8B 7A F9 3C

01 80 C2 00 00 02 00 27 1C AF AE E4 88 09 03 0050 FE 00 0D B6 02 06 00 03 02 00 03 07 00 20 0124 07 00 5D 02 00 00 07 00 5A 01 02 07 00 4F 0102 07 00 A3 01 00 07 00 1A 01 01 07 00 47 01 0107 00 B0 80 07 00 1D 80 07 7F F6 80 D2 32 04 E0

01 80 C2 00 00 02 00 27 1C AF AE E4 88 09 03 0050 FE 00 0D B6 04 06 00 03 02 00 03 09 00 0C 8007 00 A3 80 07 00 53 80 00 00 00 00 00 00 00 0000 00 00 00 00 00 00 00 00 00 00 00 78 EA 0B 0A

01 80 C2 00 00 02 00 27 1C AF AE E4 88 09 03 0050 FE 00 0D B6 02 06 00 03 02 00 04 07 00 20 0124 07 00 5D 02 00 00 07 00 5A 01 02 07 00 4F 0102 07 00 A3 01 00 07 00 1A 01 01 07 00 47 01 0107 00 B0 80 07 00 1D 80 07 7F F6 80 29 F3 6E FA

01 80 C2 00 00 02 00 27 1C AF AE E4 88 09 03 0050 FE 00 0D B6 04 06 00 03 02 00 04 09 00 0C 8007 00 A3 80 07 00 53 80 00 00 00 00 00 00 00 0000 00 00 00 00 00 00 00 00 00 00 00 A1 18 D6 8A

01 80 C2 00 00 02 00 27 1C AF AE E4 88 09 03 0050 FE 00 0D B6 02 06 00 82 02 00 00 07 00 13 0800 00 00 00 00 00 00 00 07 00 C3 01 00 07 00 0F08 00 00 00 00 00 00 00 00 07 00 10 08 00 00 0000 00 00 00 00 07 00 11 08 00 00 00 00 00 00 0000 06 00 83 80 FF 07 FF 80 82 B1 AF DB

01 80 C2 00 00 02 00 27 1C AF AE E4 88 09 03 0050 FE 00 0D B6 02 06 00 82 02 00 00 07 00 13 0800 00 00 00 00 00 00 00 07 00 C3 01 00 07 00 0F08 00 00 00 00 00 00 00 00 07 00 10 08 00 00 0000 00 00 00 00 07 00 11 08 00 00 00 00 00 00 0000 06 00 83 80 FF 07 FF 80 82 B1 AF DB

01 80 C2 00 00 02 00 27 1C AF AE E4 88 09 03 0050 FE 00 0D B6 04 06 00 82 02 00 00 07 00 13 8007 00 C3 80 07 00 0F 80 07 00 10 80 07 00 11 8006 00 83 80 00 00 00 00 23 11 01 80 18 7A CB 35

01 80 C2 00 00 02 00 0D B6 23 00 00 88 09 03 0050 FE AA AA AA 01 A7 00 1B 00 00 00 00 00 00 0000 00 00 00 00 00 00 00 00 00 00 00 00 00 00 0000 00 00 00 00 00 00 00 00 00 00 00

01 80 C2 00 00 02 00 27 1C AF AE E4 88 09 03 0050 FE AA AA AA 02 A7 00 1B 0A 24 CD 80 2C 26 DE41 FC 00 6C 00 00 00 00 00 00 00 00 00 00 00 0000 00 00 00 00 00 00 00 00 00 00 00 72 0B 5E 53

01 80 C2 00 00 02 00 27 1C AF AE E4 88 09 03 0050 FE 00 0D B6 02 06 00 03 02 00 01 07 00 BC 0600 00 00 00 00 01 07 00 BD 02 00 00 00 00 00 0000 00 00 00 00 00 00 00 00 00 00 00 97 84 CC 1F

01 80 C2 00 00 02 00 0D B6 23 00 00 88 09 03 0050 FE AA AA AA 01 A7 00 16 00 00 00 00 00 00 0000 00 00 00 00 00 00 00 00 00 00 00 00 00 00 0000 00 00 00 00 00 00 00 00 00 00 00

01 80 C2 00 00 02 00 27 1C AF AE E4 88 09 03 0050 FE AA AA AA 02 A7 00 16 01 02 00 00 00 00 0000 00 00 00 00 00 00 00 00 00 00 00 00 00 00 0000 00 00 00 00 00 00 00 00 00 00 00 25 44 B8 51

01 80 C2 00 00 02 00 27 1C AF AE E4 88 09 03 0050 FE 00 0D B6 04 06 00 03 02 00 01 07 00 BC 8007 00 BD 80 00 00 00 00 00 00 00 00 00 00 00 0000 00 00 00 00 00 00 00 00 00 00 00 06 85 CD F4

01 80 C2 00 00 02 00 27 1C AF AE E4 88 09 03 0050 FE 00 0D B6 02 06 00 03 02 00 02 07 00 BC 0600 00 00 00 00 01 07 00 BD 02 00 00 00 00 00 0000 00 00 00 00 00 00 00 00 00 00 00 82 35 DB 44

01 80 C2 00 00 02 00 27 1C AF AE E4 88 09 03 0050 FE 00 0D B6 04 06 00 03 02 00 02 07 00 BC 8007 00 BD 80 00 00 00 00 00 00 00 00 00 00 00 0000 00 00 00 00 00 00 00 00 00 00 00 13 34 DA AF

01 80 C2 00 00 02 00 27 1C AF AE E4 88 09 03 0050 FE 00 0D B6 02 06 00 03 02 00 03 07 00 BC 0600 00 00 00 00 01 07 00 BD 02 00 00 00 00 00 0000 00 00 00 00 00 00 00 00 00 00 00 71 A5 29 72

01 80 C2 00 00 02 00 0D B6 23 00 00 88 09 03 0050 FE AA AA AA 03 A7 00 1A 01 01 01 00 00 00 0000 00 00 00 00 00 00 00 00 00 00 00 00 00 00 0000 00 00 00 00 00 00 00 00 00 00 00

01 80 C2 00 00 02 00 27 1C AF AE E4 88 09 03 0050 FE AA AA AA 04 A7 00 1A 80 00 00 00 00 00 0000 00 00 00 00 00 00 00 00 00 00 00 00 00 00 0000 00 00 00 00 00 00 00 00 00 00 00 14 0F D4 F1

01 80 C2 00 00 02 00 27 1C AF AE E4 88 09 03 0050 FE 00 0D B6 04 06 00 03 02 00 03 07 00 BC 8007 00 BD 80 00 00 00 00 00 00 00 00 00 00 00 0000 00 00 00 00 00 00 00 00 00 00 00 E0 A4 28 99

01 80 C2 00 00 02 00 27 1C AF AE E4 88 09 03 0050 FE 00 0D B6 02 06 00 03 02 00 04 07 00 BC 0600 00 00 00 00 01 07 00 BD 02 00 00 00 00 00 0000 00 00 00 00 00 00 00 00 00 00 00 A8 57 F4 F2

01 80 C2 00 00 02 00 27 1C AF AE E4 88 09 03 0050 FE 00 0D B6 04 06 00 03 02 00 04 07 00 BC 8007 00 BD 80 00 00 00 00 00 00 00 00 00 00 00 0000 00 00 00 00 00 00 00 00 00 00 00 39 56 F5 19

01 80 C2 00 00 02 00 27 1C AF AE E4 88 09 03 0050 FE 00 0D B6 02 06 00 03 02 00 00 07 00 BC 0600 00 00 00 00 01 07 00 BD 02 00 00 00 00 00 0000 00 00 00 00 00 00 00 00 00 00 00 64 14 3E 29

01 80 C2 00 00 02 00 27 1C AF AE E4 88 09 03 0050 FE 00 0D B6 04 06 00 03 02 00 00 07 00 BC 8007 00 BD 80 00 00 00 00 00 00 00 00 00 00 00 0000 00 00 00 00 00 00 00 00 00 00 00 F5 15 3F C2

01 80 C2 00 00 02 00 27 1C AF AE E4 88 09 03 0050 FE 00 0D B6 02 06 00 03 02 00 01 07 00 B8 0D00 00 01 00 00 00 00 00 00 00 01 00 00 07 00 B880 00 00 00 00 00 00 00 00 00 00 00 6A A2 86 46

01 80 C2 00 00 02 00 27 1C AF AE E4 88 09 03 0050 FE 00 0D B6 04 06 00 03 02 00 01 07 00 B8 8000 00 00 00 00 00 00 00 00 00 00 00 00 00 00 0000 00 00 00 00 00 00 00 00 00 00 00 FD F5 8F 43

01 80 C2 00 00 02 00 27 1C AF AE E4 88 09 03 0050 FE 00 0D B6 02 06 00 03 02 00 02 07 00 B8 0D00 00 01 00 00 00 00 00 00 00 01 00 00 07 00 B880 00 00 00 00 00 00 00 00 00 00 00 7F 13 91 1D

01 80 C2 00 00 02 00 27 1C AF AE E4 88 09 03 0050 FE 00 0D B6 04 06 00 03 02 00 02 07 00 B8 8000 00 00 00 00 00 00 00 00 00 00 00 00 00 00 0000 00 00 00 00 00 00 00 00 00 00 00 E8 44 98 18

01 80 C2 00 00 02 00 27 1C AF AE E4 88 09 03 0050 FE 00 0D B6 02 06 00 03 02 00 03 07 00 B8 0D00 00 01 00 00 00 00 00 00 00 01 00 00 07 00 B880 00 00 00 00 00 00 00 00 00 00 00 8C 83 63 2B

01 80 C2 00 00 02 00 27 1C AF AE E4 88 09 03 0050 FE 00 0D B6 04 06 00 03 02 00 03 07 00 B8 8000 00 00 00 00 00 00 00 00 00 00 00 00 00 00 0000 00 00 00 00 00 00 00 00 00 00 00 1B D4 6A 2E

01 80 C2 00 00 02 00 27 1C AF AE E4 88 09 03 0050 FE 00 0D B6 02 06 00 03 02 00 04 07 00 B8 0D00 00 01 00 00 00 00 00 00 00 01 00 00 07 00 B880 00 00 00 00 00 00 00 00 00 00 00 55 71 BE AB

01 80 C2 00 00 02 00 27 1C AF AE E4 88 09 03 0050 FE 00 0D B6 04 06 00 03 02 00 04 07 00 B8 8000 00 00 00 00 00 00 00 00 00 00 00 00 00 00 0000 00 00 00 00 00 00 00 00 00 00 00 C2 26 B7 AE

01 80 C2 00 00 02 00 27 1C AF AE E4 88 09 03 0050 FE AA AA AA 02 A7 00 25 01 01 00 00 00 00 0000 00 00 00 00 00 00 00 00 00 00 00 00 00 00 0000 00 00 00 00 00 00 00 00 00 00 00 24 6C 6C A0

01 80 C2 00 00 02 00 27 1C AF AE E4 88 09 03 0050 FE AA AA AA 02 A7 00 24 07 01 03 CC 00 B6 00B6 A7 00 24 07 02 03 CC 00 B6 00 B6 A7 00 24 0703 03 CC 00 B6 00 B6 A7 00 24 07 04 03 CC 00 B600 B6 A7 5C 8B FB

01 80 C2 00 00 02 00 27 1C AF AE E4 88 09 03 0050 FE AA AA AA 04 A7 00 24 80 00 00 00 00 00 0000 00 00 00 00 00 00 00 00 00 00 00 00 00 00 0000 00 00 00 00 00 00 00 00 00 00 00 63 E9 06 B0

01 80 C2 00 00 02 00 27 1C AF AE E4 88 09 03 0050 FE AA AA AA 04 A7 00 24 80 00 00 00 00 00 0000 00 00 00 00 00 00 00 00 00 00 00 00 00 00 0000 00 00 00 00 00 00 00 00 00 00 00 63 E9 06 B0

01 80 C2 00 00 02 00 27 1C AF AE E4 88 09 03 0050 FE AA AA AA 04 A7 00 24 80 00 00 00 00 00 0000 00 00 00 00 00 00 00 00 00 00 00 00 00 00 0000 00 00 00 00 00 00 00 00 00 00 00 63 E9 06 B0

