01 80 C2 00 00 02 00 27 1C AF AE E4 88 09 03 0050 FE 00 0D B6 04 07 00 A8 00 00 00 00 00 00 0000 00 00 00 00 00 00 00 00 00 00 00 00 00 00 0000 00 00 00 00 00 00 00 00 00 00 00 5E 6B F2 1B

01 80 C2 00 00 02 00 27 1C AF AE E4 88 09 03 0050 FE 00 0D B6 00 67 25 00 13 25 80 32 80 32 4F4E 54 2D 55 31 30 34 43 54 00 00 00 00 00 00 0000 00 00 00 00 00 00 00 00 00 00 00 00 00 00 0000 00 00 00 00 00 00 00 00 00 00 00 00 00 00 0000 00 00 00 00 00 00 00 00 00 00 00 00 00 00 0027 1C AF AE E4 01 05 08 08 00 08 08 00 00 00 0000 02 03 D8 04 00 00 80 32 18 D7 8A 3D

01 80 C2 00 00 02 00 27 1C AF AE E4 88 09 03 0050 FE AA AA AA 02 A7 00 02 02 01 08 00 00 00 0000 00 00 00 00 00 00 00 00 00 00 00 00 00 00 0000 00 00 00 00 00 00 00 00 00 00 00 74 32 19 02

01 80 C2 00 00 02 00 27 1C AF AE E4 88 09 03 0050 FE 00 0D B6 04 06 00 01 04 00 00 00 00 09 0097 0E 02 02 04 40 01 40 01 40 01 40 01 00 01 0000 00 00 00 00 00 00 00 00 00 00 00 0F 04 5C 99

01 80 C2 00 00 02 00 27 1C AF AE E4 88 09 03 0050 FE 00 0D B6 04 06 00 01 04 00 00 00 00 09 0096 80 00 00 00 00 00 00 00 00 00 00 00 00 00 0000 00 00 00 00 00 00 00 00 00 00 00 C4 95 31 DB

01 80 C2 00 00 02 00 27 1C AF AE E4 88 09 03 0050 FE 00 0D B6 02 06 00 03 02 00 01 07 00 82 0200 40 07 00 83 02 80 00 07 00 D0 01 00 07 00 D102 00 40 00 00 00 00 00 00 00 00 00 03 7D CB C9

01 80 C2 00 00 02 00 27 1C AF AE E4 88 09 03 0050 FE 00 0D B6 04 06 00 03 02 00 01 07 00 82 8007 00 83 80 07 00 D0 80 07 00 D1 80 00 00 00 0000 00 00 00 00 00 00 00 00 00 00 00 0B 1D 9D 3A

01 80 C2 00 00 02 00 27 1C AF AE E4 88 09 03 0050 FE 00 0D B6 02 06 00 03 02 00 02 07 00 82 0200 40 07 00 83 02 80 00 07 00 D0 01 00 07 00 D102 00 40 00 00 00 00 00 00 00 00 00 16 CC DC 92

01 80 C2 00 00 02 00 27 1C AF AE E4 88 09 03 0050 FE 00 0D B6 04 06 00 03 02 00 02 07 00 82 8007 00 83 80 07 00 D0 80 07 00 D1 80 00 00 00 0000 00 00 00 00 00 00 00 00 00 00 00 1E AC 8A 61

01 80 C2 00 00 02 00 27 1C AF AE E4 88 09 03 0050 FE 00 0D B6 02 06 00 03 02 00 10 07 00 B8 0D1F 00 01 00 00 01 86 A0 40 00 01 04 08 07 00 B880 00 00 00 00 00 00 00 00 00 00 00 36 AA B1 8D

01 80 C2 00 00 02 00 27 1C AF AE E4 88 09 03 0050 FE 00 0D B6 04 06 00 03 02 00 10 07 00 B8 8000 00 00 00 00 00 00 00 00 00 00 00 00 00 00 0000 00 00 00 00 00 00 00 00 00 00 00 BC 66 B6 AC

01 80 C2 00 00 02 00 27 1C AF AE E4 88 09 03 0050 FE AA AA AA 02 A7 00 15 01 00 00 00 00 00 0000 00 00 00 00 00 00 00 00 00 00 00 00 00 00 0000 00 00 00 00 00 00 00 00 00 00 00 B7 9D 5C 7C

01 80 C2 00 00 02 00 27 1C AF AE E4 88 09 03 0050 FE AA AA AA 04 A7 00 18 80 00 00 00 00 00 0000 00 00 00 00 00 00 00 00 00 00 00 00 00 00 0000 00 00 00 00 00 00 00 00 00 00 00 7F A0 44 00

01 80 C2 00 00 02 00 27 1C AF AE E4 88 09 03 0050 FE AA AA AA 04 A7 00 21 80 00 00 00 00 00 0000 00 00 00 00 00 00 00 00 00 00 00 00 00 00 0000 00 00 00 00 00 00 00 00 00 00 00 61 65 26 1D

01 80 C2 00 00 02 00 27 1C AF AE E4 88 09 03 0050 FE AA AA AA 04 A7 00 26 80 00 00 00 00 00 0000 00 00 00 00 00 00 00 00 00 00 00 00 00 00 0000 00 00 00 00 00 00 00 00 00 00 00 08 46 96 41

01 80 C2 00 00 02 00 27 1C AF AE E4 88 09 03 0050 FE AA AA AA 04 A7 00 1C 80 00 00 00 00 00 0000 00 00 00 00 00 00 00 00 00 00 00 00 00 00 0000 00 00 00 00 00 00 00 00 00 00 00 E8 F8 14 38

01 80 C2 00 00 02 00 27 1C AF AE E4 88 09 03 0050 FE 00 0D B6 04 06 00 01 04 00 00 00 00 09 00A2 80 00 00 00 00 00 00 00 00 00 00 00 00 00 0000 00 00 00 00 00 00 00 00 00 00 00 C0 13 06 F0

01 80 C2 00 00 02 00 27 1C AF AE E4 88 09 03 0050 FE 00 0D B6 04 07 00 A8 00 00 00 00 00 00 0000 00 00 00 00 00 00 00 00 00 00 00 00 00 00 0000 00 00 00 00 00 00 00 00 00 00 00 5E 6B F2 1B

01 80 C2 00 00 02 00 0D B6 23 00 00 88 09 03 0050 FE 00 0D B6 01 06 00 03 02 00 01 07 00 20 0700 5D 07 00 5A 07 00 4F 07 00 A3 07 00 1A 07 0047 07 00 B0 07 00 1D 07 7F F6 00 00

01 80 C2 00 00 02 00 27 1C AF AE E4 88 09 03 0050 FE 00 0D B6 02 06 00 03 02 00 01 07 00 20 0124 07 00 5D 02 00 00 07 00 5A 01 02 07 00 4F 0102 07 00 A3 01 00 07 00 1A 01 01 07 00 47 01 0107 00 B0 80 07 00 1D 80 07 7F F6 80 B5 6A C5 25

01 80 C2 00 00 02 00 0D B6 23 00 00 88 09 03 0050 FE 00 0D B6 03 06 00 03 02 00 01 09 00 0C 0102 07 00 A3 01 00 07 00 53 80 00 00 00 00 00 0000 00 00 00 00 00 00 00 00 00 00 00 00 00 00 0000 00 00 00 00 00 00 00 18 00 00 00 00 00 00 0000 30 94 00 00 00 00 00 00 00 00 00 00 00 00 0030 12 3A 81 7F 00 00 00 00 12 3A 81 7F 00 00 0073 00 00 00 80 FF FF FF 20 00 00 00 00 00 00 0000 00 00 00 00 00 00 00 00 00 00 00 00 00 00 00FF FF FF FF FF FF FF FF 00 00 00 00 00 00 00 0064 2D 93 00 00 00 00

01 80 C2 00 00 02 00 27 1C AF AE E4 88 09 03 0050 FE 00 0D B6 04 06 00 03 02 00 01 09 00 0C 8007 00 A3 80 07 00 53 80 00 00 00 00 00 00 00 0000 00 00 00 00 00 00 00 00 00 00 00 9E CB EE 67

01 80 C2 00 00 02 00 0D B6 23 00 00 88 09 03 0050 FE 00 0D B6 01 06 00 03 02 00 02 07 00 20 0700 5D 07 00 5A 07 00 4F 07 00 A3 07 00 1A 07 0047 07 00 B0 07 00 1D 07 7F F6 00 00

01 80 C2 00 00 02 00 27 1C AF AE E4 88 09 03 0050 FE AA AA AA 02 A7 00 2B 0E FF FF 00 00 00 0000 00 00 00 00 00 00 00 00 00 00 00 00 00 00 0000 00 00 00 00 00 00 00 00 00 00 00 35 79 9A 0E

01 80 C2 00 00 02 00 27 1C AF AE E4 88 09 03 0050 FE 00 0D B6 02 06 00 03 02 00 02 07 00 20 0124 07 00 5D 02 00 00 07 00 5A 01 02 07 00 4F 0102 07 00 A3 01 00 07 00 1A 01 01 07 00 47 01 0107 00 B0 80 07 00 1D 80 07 7F F6 80 C1 1D 5C 6F

01 80 C2 00 00 02 00 0D B6 23 00 00 88 09 03 0050 FE 00 0D B6 03 06 00 03 02 00 02 09 00 0C 0102 07 00 A3 01 00 07 00 53 80 00 00 00 00 00 0000 00 00 00 00 00 00 00 00 00 00 00 00 00 00 0000 00 00 00 00 00 00 00 18 00 00 00 00 00 00 0000 30 94 00 00 00 00 00 00 00 00 00 00 00 00 0030 12 3A 81 7F 00 00 00 00 12 3A 81 7F 00 00 0073 00 00 00 80 FF FF FF 20 00 00 00 00 00 00 0000 00 00 00 00 00 00 00 00 00 00 00 00 00 00 00FF FF FF FF FF FF FF FF 00 00 00 00 00 00 00 0064 2D 93 00 00 00 00

01 80 C2 00 00 02 00 27 1C AF AE E4 88 09 03 0050 FE AA AA AA 02 A7 00 2C 06 00 00 00 00 17 3900 00 00 00 00 00 00 00 00 00 00 00 00 00 00 0000 00 00 00 00 00 00 00 00 00 00 00 E0 2D 4A 3A

01 80 C2 00 00 02 00 27 1C AF AE E4 88 09 03 0050 FE 00 0D B6 04 06 00 03 02 00 02 09 00 0C 8007 00 A3 80 07 00 53 80 00 00 00 00 00 00 00 0000 00 00 00 00 00 00 00 00 00 00 00 8B 7A F9 3C

01 80 C2 00 00 02 00 0D B6 23 00 00 88 09 03 0050 FE 00 0D B6 01 06 00 03 02 00 03 07 00 20 0700 5D 07 00 5A 07 00 4F 07 00 A3 07 00 1A 07 0047 07 00 B0 07 00 1D 07 7F F6 00 00

01 80 C2 00 00 02 00 27 1C AF AE E4 88 09 03 0050 FE 00 0D B6 02 06 00 03 02 00 03 07 00 20 0124 07 00 5D 02 00 00 07 00 5A 01 02 07 00 4F 0102 07 00 A3 01 00 07 00 1A 01 01 07 00 47 01 0107 00 B0 80 07 00 1D 80 07 7F F6 80 D2 32 04 E0

01 80 C2 00 00 02 00 0D B6 23 00 00 88 09 03 0050 FE 00 0D B6 03 06 00 03 02 00 03 09 00 0C 0102 07 00 A3 01 00 07 00 53 80 00 00 00 00 00 0000 00 00 00 00 00 00 00 00 00 00 00 00 00 00 0000 00 00 00 00 00 00 00 18 00 00 00 00 00 00 0000 30 94 00 00 00 00 00 00 00 00 00 00 00 00 0030 12 3A 81 7F 00 00 00 00 12 3A 81 7F 00 00 0073 00 00 00 80 FF FF FF 20 00 00 00 00 00 00 0000 00 00 00 00 00 00 00 00 00 00 00 00 00 00 00FF FF FF FF FF FF FF FF 00 00 00 00 00 00 00 0064 2D 93 00 00 00 00

01 80 C2 00 00 02 00 27 1C AF AE E4 88 09 03 0050 FE 00 0D B6 04 06 00 03 02 00 03 09 00 0C 8007 00 A3 80 07 00 53 80 00 00 00 00 00 00 00 0000 00 00 00 00 00 00 00 00 00 00 00 78 EA 0B 0A

01 80 C2 00 00 02 00 0D B6 23 00 00 88 09 03 0050 FE 00 0D B6 01 06 00 03 02 00 04 07 00 20 0700 5D 07 00 5A 07 00 4F 07 00 A3 07 00 1A 07 0047 07 00 B0 07 00 1D 07 7F F6 00 00

01 80 C2 00 00 02 00 27 1C AF AE E4 88 09 03 0050 FE 00 0D B6 02 06 00 03 02 00 04 07 00 20 0124 07 00 5D 02 00 00 07 00 5A 01 02 07 00 4F 0102 07 00 A3 01 00 07 00 1A 01 01 07 00 47 01 0107 00 B0 80 07 00 1D 80 07 7F F6 80 29 F3 6E FA

01 80 C2 00 00 02 00 0D B6 23 00 00 88 09 03 0050 FE 00 0D B6 03 06 00 03 02 00 04 09 00 0C 0102 07 00 A3 01 00 07 00 53 80 00 00 00 00 00 0000 00 00 00 00 00 00 00 00 00 00 00 00 00 00 0000 00 00 00 00 00 00 00 18 00 00 00 00 00 00 0000 30 94 00 00 00 00 00 00 00 00 00 00 00 00 0030 12 3A 81 7F 00 00 00 00 12 3A 81 7F 00 00 0073 00 00 00 80 FF FF FF 20 00 00 00 00 00 00 0000 00 00 00 00 00 00 00 00 00 00 00 00 00 00 00FF FF FF FF FF FF FF FF 00 00 00 00 00 00 00 0064 2D 93 00 00 00 00

01 80 C2 00 00 02 00 27 1C AF AE E4 88 09 03 0050 FE 00 0D B6 04 06 00 03 02 00 04 09 00 0C 8007 00 A3 80 07 00 53 80 00 00 00 00 00 00 00 0000 00 00 00 00 00 00 00 00 00 00 00 A1 18 D6 8A

01 80 C2 00 00 02 00 0D B6 23 00 00 88 09 03 0050 FE 00 0D B6 01 06 00 82 02 00 00 07 00 13 0700 C3 07 00 0F 07 00 10 07 00 11 06 00 83 02 FFFF 07 00 23 07 00 24 00 00 00 00 00

01 80 C2 00 00 02 00 27 1C AF AE E4 88 09 03 0050 FE 00 0D B6 02 06 00 82 02 00 00 07 00 13 0800 00 00 00 00 00 00 00 07 00 C3 01 00 07 00 0F08 00 00 00 00 00 00 00 00 07 00 10 08 00 00 0000 00 00 00 00 07 00 11 08 00 00 00 00 00 00 0000 06 00 83 80 FF 07 FF 80 82 B1 AF DB

01 80 C2 00 00 02 00 0D B6 23 00 00 88 09 03 0050 FE 00 0D B6 01 06 00 82 02 00 00 07 00 13 0700 C3 07 00 0F 07 00 10 07 00 11 06 00 83 02 FFFF 07 00 23 07 00 24 00 00 00 00 00

01 80 C2 00 00 02 00 27 1C AF AE E4 88 09 03 0050 FE 00 0D B6 02 06 00 82 02 00 00 07 00 13 0800 00 00 00 00 00 00 00 07 00 C3 01 00 07 00 0F08 00 00 00 00 00 00 00 00 07 00 10 08 00 00 0000 00 00 00 00 07 00 11 08 00 00 00 00 00 00 0000 06 00 83 80 FF 07 FF 80 82 B1 AF DB

01 80 C2 00 00 02 00 0D B6 23 00 00 88 09 03 0050 FE 00 0D B6 03 06 00 82 02 00 00 07 00 13 0280 00 07 00 C3 01 03 07 00 0F 02 EA 60 07 00 1002 00 C8 07 00 11 02 05 DC 06 00 83 02 00 00 0700 23 01 11 07 00 24 04 00 00 00 00 06 00 83 0200 01 07 00 23 01 00 07 00 24 04 00 00 00 00 0600 83 02 00 02 07 00 23 01 00 07 00 24 04 00 0000 00 06 00 83 02 00 03 07 00 23 01 00 07 00 2404 00 00 00 00

01 80 C2 00 00 02 00 27 1C AF AE E4 88 09 03 0050 FE 00 0D B6 04 06 00 82 02 00 00 07 00 13 8007 00 C3 80 07 00 0F 80 07 00 10 80 07 00 11 8006 00 83 80 00 00 00 00 23 11 01 80 18 7A CB 35

01 80 C2 00 00 02 00 0D B6 23 00 00 88 09 03 0050 FE 00 0D B6 01 06 00 03 02 00 01 07 00 BC 0700 BD 00 00 00 00 00 00 00 00 00 00 00 00 00 0000 00 00 00 00 00 00 00 00 00 00 00

01 80 C2 00 00 02 00 27 1C AF AE E4 88 09 03 0050 FE 00 0D B6 02 06 00 03 02 00 01 07 00 BC 0600 00 03 00 00 01 07 00 BD 09 00 01 00 01 00 0100 02 00 00 00 00 00 00 00 00 00 00 AC 82 CB FC

01 80 C2 00 00 02 00 27 1C AF AE E4 88 09 03 00 50 FE AA AA AA 02 A7 00 1B 0A 26 9D 80 2C 27 D8 41 C0 00 72 00 00 00 00 00 00 00 00 00 00 00 00 00 00 00 00 00 00 00 00 00 00 00 00 38 03 C7 E1

01 80 C2 00 00 02 00 0D B6 23 00 00 88 09 03 0050 FE 00 0D B6 03 06 00 03 02 00 01 07 00 BC 0600 00 03 03 00 01 07 00 BD 09 00 01 00 01 00 0100 02 00 00 00 00 00 00 00 00 00 00 00 00 00 0000 00

01 80 C2 00 00 02 00 27 1C AF AE E4 88 09 03 0050 FE 00 0D B6 04 06 00 03 02 00 01 07 00 BC 8007 00 BD 80 00 00 00 00 00 00 00 00 00 00 00 0000 00 00 00 00 00 00 00 00 00 00 00 06 85 CD F4

01 80 C2 00 00 02 00 27 1C AF AE E4 88 09 03 0050 FE AA AA AA 02 A7 00 16 01 02 00 00 00 00 0000 00 00 00 00 00 00 00 00 00 00 00 00 00 00 0000 00 00 00 00 00 00 00 00 00 00 00 25 44 B8 51

01 80 C2 00 00 02 00 0D B6 23 00 00 88 09 03 0050 FE 00 0D B6 01 06 00 03 02 00 02 07 00 BC 0700 BD 00 00 00 00 00 00 00 00 00 00 00 00 00 0000 00 00 00 00 00 00 00 00 00 00 00

01 80 C2 00 00 02 00 27 1C AF AE E4 88 09 03 0050 FE 00 0D B6 02 06 00 03 02 00 02 07 00 BC 0600 00 03 00 00 01 07 00 BD 09 00 01 00 01 00 0100 02 00 00 00 00 00 00 00 00 00 00 B9 33 DC A7

01 80 C2 00 00 02 00 0D B6 23 00 00 88 09 03 0050 FE 00 0D B6 03 06 00 03 02 00 02 07 00 BC 0600 00 03 03 00 01 07 00 BD 09 00 01 00 01 00 0100 02 00 00 00 00 00 00 00 00 00 00 00 00 00 0000 00

01 80 C2 00 00 02 00 27 1C AF AE E4 88 09 03 0050 FE 00 0D B6 04 06 00 03 02 00 02 07 00 BC 8007 00 BD 80 00 00 00 00 00 00 00 00 00 00 00 0000 00 00 00 00 00 00 00 00 00 00 00 13 34 DA AF

01 80 C2 00 00 02 00 0D B6 23 00 00 88 09 03 0050 FE 00 0D B6 01 06 00 03 02 00 03 07 00 BC 0700 BD 00 00 00 00 00 00 00 00 00 00 00 00 00 0000 00 00 00 00 00 00 00 00 00 00 00

01 80 C2 00 00 02 00 27 1C AF AE E4 88 09 03 0050 FE 00 0D B6 02 06 00 03 02 00 03 07 00 BC 0600 00 03 00 00 01 07 00 BD 09 00 01 00 01 00 0100 02 00 00 00 00 00 00 00 00 00 00 4A A3 2E 91

01 80 C2 00 00 02 00 0D B6 23 00 00 88 09 03 0050 FE 00 0D B6 03 06 00 03 02 00 03 07 00 BC 0600 00 03 03 00 01 07 00 BD 09 00 01 00 01 00 0100 02 00 00 00 00 00 00 00 00 00 00 00 00 00 0000 00

01 80 C2 00 00 02 00 27 1C AF AE E4 88 09 03 0050 FE 00 0D B6 04 06 00 03 02 00 03 07 00 BC 8007 00 BD 80 00 00 00 00 00 00 00 00 00 00 00 0000 00 00 00 00 00 00 00 00 00 00 00 E0 A4 28 99

01 80 C2 00 00 02 00 27 1C AF AE E4 88 09 03 0050 FE AA AA AA 04 A7 00 1A 80 00 00 00 00 00 0000 00 00 00 00 00 00 00 00 00 00 00 00 00 00 0000 00 00 00 00 00 00 00 00 00 00 00 14 0F D4 F1

01 80 C2 00 00 02 00 0D B6 23 00 00 88 09 03 0050 FE 00 0D B6 01 06 00 03 02 00 04 07 00 BC 0700 BD 00 00 00 00 00 00 00 00 00 00 00 00 00 0000 00 00 00 00 00 00 00 00 00 00 00

01 80 C2 00 00 02 00 27 1C AF AE E4 88 09 03 0050 FE 00 0D B6 02 06 00 03 02 00 04 07 00 BC 0600 00 03 00 00 01 07 00 BD 09 00 01 00 01 00 0100 02 00 00 00 00 00 00 00 00 00 00 93 51 F3 11

01 80 C2 00 00 02 00 0D B6 23 00 00 88 09 03 0050 FE 00 0D B6 03 06 00 03 02 00 04 07 00 BC 0600 00 03 03 00 01 07 00 BD 09 00 01 00 01 00 0100 02 00 00 00 00 00 00 00 00 00 00 00 00 00 0000 00

01 80 C2 00 00 02 00 27 1C AF AE E4 88 09 03 0050 FE 00 0D B6 04 06 00 03 02 00 04 07 00 BC 8007 00 BD 80 00 00 00 00 00 00 00 00 00 00 00 0000 00 00 00 00 00 00 00 00 00 00 00 39 56 F5 19

01 80 C2 00 00 02 00 0D B6 23 00 00 88 09 03 0050 FE 00 0D B6 01 06 00 03 02 00 00 07 00 BC 0700 BD 00 00 00 00 00 00 00 00 00 00 00 00 00 0000 00 00 00 00 00 00 00 00 00 00 00

01 80 C2 00 00 02 00 27 1C AF AE E4 88 09 03 0050 FE 00 0D B6 02 06 00 03 02 00 00 07 00 BC 0600 00 03 00 00 01 07 00 BD 09 00 01 00 01 00 0100 02 00 00 00 00 00 00 00 00 00 00 5F 12 39 CA

01 80 C2 00 00 02 00 0D B6 23 00 00 88 09 03 0050 FE 00 0D B6 03 06 00 03 02 00 00 07 00 BC 0600 00 03 03 00 01 07 00 BD 09 00 01 00 01 00 0100 02 00 00 00 00 00 00 00 00 00 00 00 00 00 0000 00

01 80 C2 00 00 02 00 27 1C AF AE E4 88 09 03 0050 FE 00 0D B6 04 06 00 03 02 00 00 07 00 BC 8007 00 BD 80 00 00 00 00 00 00 00 00 00 00 00 0000 00 00 00 00 00 00 00 00 00 00 00 F5 15 3F C2

01 80 C2 00 00 02 00 0D B6 23 00 00 88 09 03 0050 FE 00 0D B6 01 06 00 03 02 00 01 07 00 B8 0000 00 00 00 00 00 00 00 00 00 00 00 00 00 00 0000 00 00 00 00 00 00 00 00 00 00 00

01 80 C2 00 00 02 00 27 1C AF AE E4 88 09 03 0050 FE 00 0D B6 02 06 00 03 02 00 01 07 00 B8 0D1F 00 01 00 00 00 00 00 00 00 01 04 08 07 00 B880 00 00 00 00 00 00 00 00 00 00 00 81 D0 64 54

01 80 C2 00 00 02 00 0D B6 23 00 00 88 09 03 0050 FE 00 0D B6 03 06 00 03 02 00 01 07 00 B8 101F 00 01 00 00 00 00 00 00 00 01 04 08 04 02 0100 00 00 00 00 00 00 00 00 00 00 00

01 80 C2 00 00 02 00 27 1C AF AE E4 88 09 03 0050 FE 00 0D B6 04 06 00 03 02 00 01 07 00 B8 8000 00 00 00 00 00 00 00 00 00 00 00 00 00 00 0000 00 00 00 00 00 00 00 00 00 00 00 FD F5 8F 43

01 80 C2 00 00 02 00 0D B6 23 00 00 88 09 03 0050 FE 00 0D B6 01 06 00 03 02 00 02 07 00 B8 0000 00 00 00 00 00 00 00 00 00 00 00 00 00 00 0000 00 00 00 00 00 00 00 00 00 00 00

01 80 C2 00 00 02 00 27 1C AF AE E4 88 09 03 0050 FE 00 0D B6 02 06 00 03 02 00 02 07 00 B8 0D1F 00 01 00 00 00 00 00 00 00 01 04 08 07 00 B880 00 00 00 00 00 00 00 00 00 00 00 94 61 73 0F

01 80 C2 00 00 02 00 0D B6 23 00 00 88 09 03 0050 FE 00 0D B6 03 06 00 03 02 00 02 07 00 B8 101F 00 01 00 00 00 00 00 00 00 01 04 08 04 02 0100 00 00 00 00 00 00 00 00 00 00 00

01 80 C2 00 00 02 00 27 1C AF AE E4 88 09 03 0050 FE 00 0D B6 04 06 00 03 02 00 02 07 00 B8 8000 00 00 00 00 00 00 00 00 00 00 00 00 00 00 0000 00 00 00 00 00 00 00 00 00 00 00 E8 44 98 18

01 80 C2 00 00 02 00 0D B6 23 00 00 88 09 03 0050 FE 00 0D B6 01 06 00 03 02 00 03 07 00 B8 0000 00 00 00 00 00 00 00 00 00 00 00 00 00 00 0000 00 00 00 00 00 00 00 00 00 00 00

01 80 C2 00 00 02 00 27 1C AF AE E4 88 09 03 0050 FE 00 0D B6 02 06 00 03 02 00 03 07 00 B8 0D1F 00 01 00 00 00 00 00 00 00 01 04 08 07 00 B880 00 00 00 00 00 00 00 00 00 00 00 67 F1 81 39

01 80 C2 00 00 02 00 0D B6 23 00 00 88 09 03 0050 FE 00 0D B6 03 06 00 03 02 00 03 07 00 B8 101F 00 01 00 00 00 00 00 00 00 01 04 08 04 02 0100 00 00 00 00 00 00 00 00 00 00 00

01 80 C2 00 00 02 00 27 1C AF AE E4 88 09 03 0050 FE 00 0D B6 04 06 00 03 02 00 03 07 00 B8 8000 00 00 00 00 00 00 00 00 00 00 00 00 00 00 0000 00 00 00 00 00 00 00 00 00 00 00 1B D4 6A 2E

01 80 C2 00 00 02 00 0D B6 23 00 00 88 09 03 0050 FE 00 0D B6 01 06 00 03 02 00 04 07 00 B8 0000 00 00 00 00 00 00 00 00 00 00 00 00 00 00 0000 00 00 00 00 00 00 00 00 00 00 00

01 80 C2 00 00 02 00 27 1C AF AE E4 88 09 03 0050 FE 00 0D B6 02 06 00 03 02 00 04 07 00 B8 0D1F 00 01 00 00 00 00 00 00 00 01 04 08 07 00 B880 00 00 00 00 00 00 00 00 00 00 00 BE 03 5C B9

01 80 C2 00 00 02 00 0D B6 23 00 00 88 09 03 0050 FE 00 0D B6 03 06 00 03 02 00 04 07 00 B8 101F 00 01 00 00 00 00 00 00 00 01 04 08 04 02 0100 00 00 00 00 00 00 00 00 00 00 00

01 80 C2 00 00 02 00 27 1C AF AE E4 88 09 03 0050 FE 00 0D B6 04 06 00 03 02 00 04 07 00 B8 8000 00 00 00 00 00 00 00 00 00 00 00 00 00 00 0000 00 00 00 00 00 00 00 00 00 00 00 C2 26 B7 AE

01 80 C2 00 00 02 00 0D B6 23 00 00 88 09 03 0050 FE AA AA AA 01 A7 00 25 00 00 00 00 00 00 0000 00 00 00 00 00 00 00 00 00 00 00 00 00 00 0000 00 00 00 00 00 00 00 00 00 00 00

01 80 C2 00 00 02 00 27 1C AF AE E4 88 09 03 0050 FE AA AA AA 02 A7 00 25 01 01 00 00 00 00 0000 00 00 00 00 00 00 00 00 00 00 00 00 00 00 0000 00 00 00 00 00 00 00 00 00 00 00 24 6C 6C A0

01 80 C2 00 00 02 00 0D B6 23 00 00 88 09 03 0050 FE AA AA AA 01 A7 00 24 01 FF 00 00 00 00 0000 00 00 00 00 00 00 00 00 00 00 00 00 00 00 0000 00 00 00 00 00 00 00 00 00 00 00

01 80 C2 00 00 02 00 27 1C AF AE E4 88 09 03 0050 FE AA AA AA 02 A7 00 24 07 01 03 CC 00 B8 00B8 A7 00 24 07 02 03 CC 00 B8 00 B8 A7 00 24 0703 03 CC 00 B8 00 B8 A7 00 24 07 04 03 CC 00 B800 B8 EE 3B AA 03

01 80 C2 00 00 02 00 0D B6 23 00 00 88 09 03 0050 FE AA AA AA 03 A7 00 24 04 FF 00 03 CC 00 0000 00 00 00 00 00 00 00 00 00 00 00 00 00 00 0000 00 00 00 00 00 00 00 00 00 00 00

01 80 C2 00 00 02 00 27 1C AF AE E4 88 09 03 0050 FE AA AA AA 04 A7 00 24 80 00 00 00 00 00 0000 00 00 00 00 00 00 00 00 00 00 00 00 00 00 0000 00 00 00 00 00 00 00 00 00 00 00 63 E9 06 B0

01 80 C2 00 00 02 00 0D B6 23 00 00 88 09 03 0050 FE AA AA AA 03 A7 00 24 04 FF 01 00 B8 00 0000 00 00 00 00 00 00 00 00 00 00 00 00 00 00 0000 00 00 00 00 00 00 00 00 00 00 00

01 80 C2 00 00 02 00 27 1C AF AE E4 88 09 03 0050 FE AA AA AA 04 A7 00 24 80 00 00 00 00 00 0000 00 00 00 00 00 00 00 00 00 00 00 00 00 00 0000 00 00 00 00 00 00 00 00 00 00 00 63 E9 06 B0

01 80 C2 00 00 02 00 0D B6 23 00 00 88 09 03 0050 FE AA AA AA 03 A7 00 24 04 FF 02 00 B8 00 0000 00 00 00 00 00 00 00 00 00 00 00 00 00 00 0000 00 00 00 00 00 00 00 00 00 00 00

01 80 C2 00 00 02 00 27 1C AF AE E4 88 09 03 0050 FE AA AA AA 04 A7 00 24 80 00 00 00 00 00 0000 00 00 00 00 00 00 00 00 00 00 00 00 00 00 0000 00 00 00 00 00 00 00 00 00 00 00 63 E9 06 B0

01 80 C2 00 00 02 00 27 1C AF AE E4 88 09 03 0050 FE 00 0D B6 02 06 00 03 02 00 00 07 00 0E 0800 00 00 00 00 00 00 00 07 00 05 08 00 00 00 0000 00 00 00 07 00 84 08 00 00 00 00 00 00 00 0007 00 15 08 00 00 00 00 00 00 00 00 07 00 16 0800 00 00 00 00 00 00 00 07 00 87 08 00 00 00 0000 00 00 00 07 00 88 08 00 00 00 00 00 00 00 0007 00 89 08 00 00 00 00 00 00 00 00 07 00 8A 0800 00 00 00 00 00 00 00 07 00 8B 08 00 00 00 0000 00 00 00 07 00 8C 08 00 00 00 00 00 00 00 0007 00 8D 08 00 00 00 00 00 00 00 00 07 00 86 0800 00 00 00 00 00 00 00 07 00 06 08 00 00 00 0000 00 00 00 07 00 F9 A1 07 00 23 A1 07 00 9E 0800 00 00 00 00 00 00 00 07 00 9D 08 00 00 00 0000 00 00 00 07 00 9F 08 00 00 00 00 00 00 00 0007 00 9C A1 07 00 9B A1 07 00 E9 80 07 00 DF 806B A6 60 9F

01 80 C2 00 00 02 00 27 1C AF AE E4 88 09 03 0050 FE 00 0D B6 02 06 00 03 02 00 00 07 00 08 0800 00 00 00 00 00 00 00 07 00 02 08 00 00 00 0000 00 00 00 07 00 85 08 00 00 00 00 00 00 00 0007 00 12 08 00 00 00 00 00 00 00 00 07 00 13 0800 00 00 00 00 00 00 00 07 00 8E 08 00 00 00 0000 00 00 00 07 00 8F 08 00 00 00 00 00 00 00 0007 00 90 08 00 00 00 00 00 00 00 00 07 00 91 0800 00 00 00 00 00 00 00 07 00 92 08 00 00 00 0000 00 00 00 07 00 93 08 00 00 00 00 00 00 00 0007 00 94 08 00 00 00 00 00 00 00 00 07 00 98 0800 00 00 00 00 00 00 00 07 00 97 08 00 00 00 0000 00 00 00 07 00 99 A1 07 00 96 A1 07 00 95 A107 00 9A A1 07 00 DE 80 07 00 DC 80 07 00 DD 8007 00 DB 80 4E E0 51 F7

01 80 C2 00 00 02 00 27 1C AF AE 8E 88 09 03 0050 FE 00 0D B6 02 06 00 03 02 00 00 07 00 0E 0800 00 00 00 00 00 00 00 07 00 05 08 00 00 00 0000 00 00 00 07 00 84 08 00 00 00 00 00 00 00 0007 00 15 08 00 00 00 00 00 00 00 00 07 00 16 0800 00 00 00 00 00 00 00 07 00 87 08 00 00 00 0000 00 00 00 07 00 88 08 00 00 00 00 00 00 00 0007 00 89 08 00 00 00 00 00 00 00 00 07 00 8A 0800 00 00 00 00 00 00 00 07 00 8B 08 00 00 00 0000 00 00 00 07 00 8C 08 00 00 00 00 00 00 00 0007 00 8D 08 00 00 00 00 00 00 00 00 07 00 86 0800 00 00 00 00 00 00 00 07 00 06 08 00 00 00 0000 00 00 00 07 00 F9 A1 07 00 23 A1 07 00 9E 0800 00 00 00 00 00 00 00 07 00 9D 08 00 00 00 0000 00 00 00 07 00 9F 08 00 00 00 00 00 00 00 0007 00 9C A1 07 00 9B A1 07 00 E9 80 07 00 DF 801C 05 73 80

01 80 C2 00 00 02 00 27 1C AF AE 8E 88 09 03 0050 FE 00 0D B6 02 06 00 03 02 00 00 07 00 08 0800 00 00 00 00 00 00 00 07 00 02 08 00 00 00 0000 00 00 00 07 00 85 08 00 00 00 00 00 00 00 0007 00 12 08 00 00 00 00 00 00 00 00 07 00 13 0800 00 00 00 00 00 00 00 07 00 8E 08 00 00 00 0000 00 00 00 07 00 8F 08 00 00 00 00 00 00 00 0007 00 90 08 00 00 00 00 00 00 00 00 07 00 91 0800 00 00 00 00 00 00 00 07 00 92 08 00 00 00 0000 00 00 00 07 00 93 08 00 00 00 00 00 00 00 0007 00 94 08 00 00 00 00 00 00 00 00 07 00 98 0800 00 00 00 00 00 00 00 07 00 97 08 00 00 00 0000 00 00 00 07 00 99 A1 07 00 96 A1 07 00 95 A107 00 9A A1 07 00 DE 80 07 00 DC 80 07 00 DD 8007 00 DB 80 EC E2 23 6F

